     0/299      2.9G     0.115   0.09505         0      0.21        92       640         0         0  0.009251  0.001354    0.0873    0.0877         0
     1/299      2.9G   0.09557    0.1139         0    0.2095        56       640       0.2    0.6016    0.4283    0.1825   0.07486    0.1019         0
     2/299      2.9G   0.08458     0.112         0    0.1966       132       640   0.03693    0.9681    0.4604     0.111   0.06477    0.1437         0
     3/299      2.9G   0.06994   0.09981         0    0.1698       138       640   0.03864     0.996     0.597    0.1574   0.05471    0.1489         0
     4/299      2.9G   0.05612   0.08858         0    0.1447        76       640   0.07074     0.996    0.6762    0.2467   0.04487    0.1163         0
     5/299      2.9G   0.04822   0.08205         0    0.1303       115       640    0.1235     0.996    0.7177    0.3486   0.04209   0.07976         0
     6/299      2.9G   0.04491    0.0745         0    0.1194        81       640     0.265     0.992    0.9049    0.5706   0.03303   0.06134         0
     7/299      2.9G   0.04416   0.07645         0    0.1206        71       640    0.2637     0.992    0.7935    0.5348    0.0379   0.05635         0
     8/299      2.9G   0.04648   0.06937         0    0.1159       112       640    0.2118     0.992    0.6821    0.3389   0.05127   0.05287         0
     9/299      2.9G   0.05843   0.07036         0    0.1288        82       640    0.2527     0.992    0.8445    0.4251   0.04481   0.05374         0
    10/299      2.9G   0.05231   0.07282         0    0.1251       108       640    0.3024     0.992    0.8292    0.4752   0.04101   0.05261         0
    11/299      2.9G   0.04867   0.06817         0    0.1168        90       640    0.3308     0.996    0.8179    0.5327   0.03638   0.05233         0
    12/299      2.9G   0.04762   0.07207         0    0.1197        86       640    0.3158     0.996     0.755    0.3824   0.04028   0.05108         0
    13/299      2.9G   0.04406   0.06873         0    0.1128        88       640     0.367     0.996    0.7034    0.3862   0.03354   0.05206         0
    14/299      2.9G   0.04024   0.06884         0    0.1091        83       640    0.6904     0.996    0.9449    0.6769   0.02537   0.04996         0
    15/299      2.9G   0.04113   0.06602         0    0.1071        63       640    0.4272     0.992    0.6943    0.3605   0.03281   0.05206         0
    16/299      2.9G   0.03952   0.06567         0    0.1052        64       640    0.7796     0.992    0.9414    0.6439   0.02477   0.04981         0
    17/299      2.9G   0.03828   0.06658         0    0.1049        98       640    0.5542     0.996    0.9015    0.6197   0.02717   0.04848         0
    18/299      2.9G   0.03496   0.06301         0   0.09796        64       640    0.7219     0.988    0.9346    0.6745   0.02695   0.04914         0
    19/299      2.9G   0.03549   0.06186         0   0.09735        72       640    0.7075     0.988    0.9414    0.5854   0.02975   0.04788         0
    20/299      2.9G   0.03462   0.06659         0    0.1012       102       640    0.7195     0.996    0.9565    0.7532   0.02066   0.04649         0
    21/299      2.9G   0.03509    0.0644         0   0.09949        92       640    0.7981     0.996    0.9462    0.6938   0.02413   0.04748         0
    22/299      2.9G   0.03201   0.05928         0    0.0913       101       640    0.8152     0.992    0.9417    0.6586   0.02156   0.04706         0
    23/299      2.9G   0.03244   0.06259         0   0.09503        93       640    0.6957     0.992    0.9358    0.6779   0.02379   0.04759         0
    24/299      2.9G   0.03208   0.06396         0   0.09604        88       640    0.8353    0.9899    0.9509    0.7295    0.0229   0.04674         0
    25/299      2.9G   0.02962   0.05853         0   0.08816        88       640    0.8141     0.988    0.9537     0.741   0.01869   0.04617         0
    26/299      2.9G    0.0332   0.06421         0   0.09741       115       640    0.6862     0.988    0.9338    0.6409   0.02945    0.0518         0
    27/299      2.9G   0.03434   0.06772         0    0.1021       126       640    0.7683     0.992    0.9577    0.7179   0.02335   0.04723         0
    28/299      2.9G    0.0386   0.06371         0    0.1023       104       640    0.8139     0.988    0.9527    0.6146   0.02602   0.04818         0
    29/299      2.9G   0.03326   0.06273         0   0.09598       111       640    0.7841     0.996    0.9479     0.669   0.02448   0.04892         0
    30/299      2.9G   0.03591   0.06309         0   0.09901       109       640    0.8054    0.9894    0.9539    0.7361   0.02162   0.04663         0
    31/299      2.9G   0.03235   0.05819         0   0.09054       126       640     0.758     0.996    0.9464    0.7106   0.02176    0.0476         0
    32/299      2.9G   0.03398   0.06234         0   0.09633        94       640    0.7994     0.992     0.955    0.7101    0.0228   0.04587         0
    33/299      2.9G   0.03074   0.06149         0   0.09224       104       640    0.8368    0.9801    0.9457    0.6911   0.02265   0.04674         0
    34/299      2.9G   0.03059   0.05947         0   0.09006        88       640    0.8321     0.992    0.9534    0.6969   0.02169   0.04521         0
    35/299      2.9G   0.03057   0.05998         0   0.09055       129       640    0.8022     0.992    0.9553    0.6906   0.02287   0.04726         0
    36/299      2.9G   0.03105   0.05879         0   0.08984        84       640      0.87    0.9641    0.9506    0.7507   0.01925   0.05069         0
    37/299      2.9G   0.02892   0.05725         0   0.08617       107       640     0.849    0.9841    0.9515     0.675   0.02432   0.04614         0
    38/299      2.9G   0.02886   0.05834         0    0.0872       103       640    0.8739    0.9841    0.9522    0.6808   0.02148   0.05104         0
    39/299      2.9G    0.0279    0.0601         0   0.08799        85       640    0.8082     0.996     0.957    0.7424   0.02009   0.04591         0
    40/299      2.9G   0.02867   0.05705         0   0.08572       109       640    0.8342     0.996     0.954    0.6777   0.02198   0.04542         0
    41/299      2.9G   0.02764   0.05707         0   0.08471        67       640     0.851     0.992    0.9544    0.7411   0.02171   0.04654         0
    42/299      2.9G   0.02807   0.05595         0   0.08402       109       640    0.8702     0.992     0.951    0.7561   0.01842   0.04408         0
    43/299      2.9G   0.02795   0.05863         0   0.08658        62       640    0.8355     0.992    0.9461    0.7312   0.02089   0.04971         0
    44/299      2.9G   0.03155   0.07754         0    0.1091        61       640    0.3891     0.996    0.9628     0.661   0.02422    0.0586         0
    45/299      2.9G   0.03188     0.067         0   0.09888       110       640    0.4875     0.996    0.9494    0.6749   0.02348   0.05039         0
    46/299      2.9G   0.03095    0.0653         0   0.09624       118       640    0.7369         1    0.9428    0.7239   0.02227   0.04787         0
    47/299      2.9G   0.03023   0.06827         0   0.09851       109       640    0.7368    0.9801    0.9413    0.7071   0.02177   0.04971         0
    48/299      2.9G   0.02996   0.05809         0   0.08805        82       640    0.7952     0.996    0.9407    0.6624   0.02241   0.04786         0
    49/299      2.9G   0.02984   0.05749         0   0.08733        98       640     0.861     0.988    0.9427    0.7251   0.02106   0.04768         0
    50/299      2.9G   0.02992   0.06198         0   0.09189       155       640     0.826     0.988    0.9457    0.7132   0.02153   0.04575         0
    51/299      2.9G   0.03153   0.06317         0   0.09469        85       640    0.8006    0.9761    0.9523    0.6564   0.02235   0.04756         0
    52/299      2.9G   0.02765   0.06238         0   0.09003       111       640    0.7836     0.988    0.9612    0.6967    0.0224   0.04527         0
    53/299      2.9G   0.03077   0.05865         0   0.08942       138       640    0.7992    0.9841    0.9727    0.6973   0.02415   0.04823         0
    54/299      2.9G    0.0292   0.05634         0   0.08555       116       640    0.8521     0.996    0.9487    0.7443   0.02118   0.04612         0
    55/299      2.9G   0.03118   0.05816         0   0.08934        79       640    0.7927     0.996    0.9427    0.7324   0.01902   0.04599         0
    56/299      2.9G   0.02724   0.05546         0   0.08269        56       640    0.8231         1     0.951    0.7218   0.02001   0.04669         0
    57/299      2.9G    0.0242   0.05336         0   0.07756       109       640    0.8688    0.9758     0.966    0.7231   0.02197   0.04694         0
    58/299      2.9G    0.0259   0.05417         0   0.08007        89       640    0.8759    0.9761    0.9725    0.7819   0.01796    0.0465         0
    59/299      2.9G   0.02511    0.0554         0   0.08051       116       640    0.8615    0.9761    0.9564    0.7244   0.02032   0.04739         0
    60/299      2.9G   0.02614   0.05513         0   0.08127        90       640    0.8835    0.9721    0.9571    0.6927   0.02275   0.04954         0
    61/299      2.9G   0.02656   0.05837         0   0.08493        84       640    0.8717    0.9721    0.9576    0.7324   0.01958   0.04774         0
    62/299      2.9G   0.02334   0.05234         0   0.07568        85       640    0.8664    0.9817    0.9577     0.744   0.01916   0.04583         0
    63/299      2.9G   0.02368     0.055         0   0.07867        99       640    0.8322     0.988    0.9476    0.7348   0.01839   0.04841         0
    64/299      2.9G   0.02459   0.06148         0   0.08607       111       640    0.8391         1    0.9441     0.687   0.02196   0.04679         0
    65/299      2.9G   0.02493   0.05073         0   0.07566        76       640    0.8692     0.988    0.9467    0.7181   0.02056   0.04615         0
    66/299      2.9G    0.0239   0.05289         0   0.07679       124       640    0.8635     0.992    0.9424    0.7628   0.01729   0.04452         0
    67/299      2.9G   0.02449   0.04908         0   0.07357        48       640    0.8565    0.9841    0.9364    0.7265   0.01981   0.04683         0
    68/299      2.9G   0.02381   0.05091         0   0.07473       104       640    0.8404     0.988    0.9478    0.7155   0.02038   0.04831         0
    69/299      2.9G   0.02464    0.0529         0   0.07753       108       640    0.8451     0.992    0.9496    0.7479   0.01936   0.04534         0
    70/299      2.9G   0.02494   0.05116         0    0.0761        96       640    0.8275     0.988    0.9481    0.7773   0.01653   0.04479         0
    71/299      2.9G   0.02176   0.05241         0   0.07418        71       640    0.8335     0.988    0.9629    0.7888   0.01698   0.04582         0
    72/299      2.9G   0.02216    0.0506         0   0.07276        57       640    0.8258    0.9841    0.9527      0.76   0.01722   0.04564         0
    73/299      2.9G   0.02275   0.04983         0   0.07258        82       640     0.849    0.9721     0.943    0.7577   0.01746   0.04636         0
    74/299      2.9G   0.02108   0.04845         0   0.06952       110       640    0.8713    0.9761    0.9448    0.7679   0.01698   0.04785         0
    75/299      2.9G   0.02226   0.05152         0   0.07377       111       640    0.8628    0.9769    0.9442    0.7524   0.01721    0.0491         0
    76/299      2.9G   0.02258   0.05641         0   0.07898       112       640    0.8494    0.9761    0.9511    0.7636   0.01689   0.04668         0
    77/299      2.9G    0.0216   0.04983         0   0.07143        70       640    0.8734     0.988     0.956    0.7329   0.01838   0.04631         0
    78/299      2.9G   0.02244   0.04863         0   0.07107        60       640    0.8731    0.9872    0.9488    0.7618     0.017   0.04619         0
    79/299      2.9G   0.02425   0.04954         0   0.07378       115       640    0.8741    0.9841    0.9441    0.7339   0.01821   0.04796         0
    80/299      2.9G   0.02403   0.05222         0   0.07626       102       640    0.8637    0.9841    0.9569    0.7522   0.01892   0.04764         0
    81/299      2.9G     0.022   0.04574         0   0.06773        98       640    0.8709    0.9801    0.9633    0.7601   0.01836   0.04735         0
    82/299      2.9G   0.02164   0.05056         0    0.0722        90       640    0.8528    0.9761    0.9447    0.7757   0.01603   0.04717         0
    83/299      2.9G   0.02124   0.05132         0   0.07256       100       640    0.8717    0.9721    0.9494    0.7562   0.01786   0.05025         0
    84/299      2.9G   0.02008   0.04547         0   0.06555        89       640    0.8469    0.9801    0.9717    0.7857   0.01644   0.04803         0
    85/299      2.9G   0.02021   0.04824         0   0.06845        57       640      0.88    0.9522    0.9714    0.7333   0.02012   0.05734         0
    86/299      2.9G   0.02059   0.05001         0   0.07059       105       640     0.865     0.988     0.977    0.7959   0.01571   0.04434         0
    87/299      2.9G   0.01971   0.05029         0      0.07       126       640    0.8725     0.992    0.9675    0.7854   0.01613   0.04515         0
    88/299      2.9G   0.02022   0.04905         0   0.06927       102       640    0.8558    0.9841    0.9578    0.7648   0.01701   0.04589         0
    89/299      2.9G   0.01934   0.04677         0    0.0661        59       640     0.863    0.9801    0.9543    0.7634   0.01714   0.04744         0
    90/299      2.9G   0.01935   0.04884         0   0.06819        74       640    0.8604    0.9761    0.9642    0.7851   0.01631   0.04693         0
    91/299      2.9G    0.0215   0.04764         0   0.06915       109       640    0.8584    0.9761    0.9707      0.78   0.01724   0.04764         0
    92/299      2.9G   0.02075   0.04588         0   0.06663        84       640     0.877    0.9801    0.9539    0.7849   0.01563   0.04478         0
    93/299      2.9G   0.01961    0.0447         0   0.06431        83       640    0.8797    0.9801    0.9564    0.7702   0.01711   0.04612         0
    94/299      2.9G   0.02108   0.04956         0   0.07064        78       640    0.8548    0.9841    0.9566    0.7822   0.01605   0.04544         0
    95/299      2.9G   0.02023   0.04486         0   0.06509        82       640    0.8768    0.9841    0.9513    0.7711   0.01655   0.04827         0
    96/299      2.9G   0.02083   0.04684         0   0.06768        78       640     0.839     0.988    0.9542    0.7789   0.01608   0.04696         0
    97/299      2.9G   0.01826   0.04535         0   0.06361        70       640    0.8548     0.992    0.9487     0.771   0.01622   0.04942         0
    98/299      2.9G   0.02022   0.04981         0   0.07003        87       640    0.8361     0.992     0.947    0.7768   0.01586   0.04728         0
    99/299      2.9G   0.01947   0.04689         0   0.06636        54       640    0.8337     0.988    0.9515    0.7799   0.01581   0.04627         0
   100/299      2.9G   0.02124   0.04464         0   0.06587        69       640    0.8735    0.9801    0.9493    0.7723   0.01633   0.04586         0
   101/299      2.9G   0.01835   0.04309         0   0.06144        85       640      0.83     0.988    0.9549    0.7584   0.01676   0.04562         0
   102/299      2.9G   0.01915   0.04581         0   0.06496       109       640    0.8696     0.992    0.9528    0.7823    0.0157   0.04416         0
   103/299      2.9G   0.01873   0.04673         0   0.06546        75       640    0.8505     0.988    0.9509    0.7787   0.01549   0.04674         0
   104/299      2.9G   0.01923   0.05301         0   0.07224       100       640    0.8195     0.992    0.9548     0.793   0.01534   0.04498         0
   105/299      2.9G   0.01794   0.04607         0   0.06401       106       640    0.8594    0.9841    0.9455    0.7646   0.01685   0.04707         0
   106/299      2.9G   0.01954   0.04675         0   0.06629        91       640    0.8514    0.9801    0.9494    0.7789   0.01569   0.04735         0
   107/299      2.9G   0.02077    0.0468         0   0.06756        60       640    0.8695    0.9761    0.9743    0.7935    0.0165   0.04777         0
   108/299      2.9G   0.01922   0.04516         0   0.06438        95       640    0.8779    0.9721    0.9797    0.7926   0.01605   0.04803         0
   109/299      2.9G   0.01852   0.04475         0   0.06327       113       640     0.863    0.9791    0.9588    0.7651   0.01656   0.04755         0
   110/299      2.9G   0.01842   0.04256         0   0.06097       105       640     0.876    0.9761    0.9562    0.7697   0.01653   0.04843         0
   111/299      2.9G   0.01938   0.04574         0   0.06512       106       640    0.8651    0.9761    0.9545    0.7704   0.01656   0.04861         0
   112/299      2.9G   0.01918   0.04579         0   0.06497        71       640    0.8664    0.9841    0.9479    0.7732   0.01589   0.04721         0
   113/299      2.9G   0.01837   0.04645         0   0.06482        92       640    0.8902     0.988    0.9504    0.7843   0.01598    0.0468         0
   114/299      2.9G   0.01768   0.04092         0    0.0586       122       640    0.8849    0.9801    0.9535    0.7838   0.01562   0.04638         0
   115/299      2.9G   0.01917   0.04568         0   0.06485       103       640    0.8602    0.9761    0.9519    0.7833   0.01555   0.04679         0
   116/299      2.9G   0.01946   0.04481         0   0.06427        73       640    0.8579    0.9841    0.9545    0.7832   0.01614   0.04686         0
   117/299      2.9G   0.01851   0.04373         0   0.06224       128       640    0.8651    0.9841    0.9489    0.7747   0.01641    0.0483         0
   118/299      2.9G    0.0171   0.04386         0   0.06096       117       640     0.877    0.9841    0.9565    0.7758   0.01595   0.05005         0
   119/299      2.9G   0.01686    0.0429         0   0.05976        92       640    0.8701    0.9761    0.9587    0.7795   0.01614   0.04871         0
   120/299      2.9G   0.01821   0.04447         0   0.06267       115       640    0.8684    0.9761    0.9578    0.7758   0.01631   0.04818         0
   121/299      2.9G   0.01729   0.04356         0   0.06085       100       640    0.8667    0.9801    0.9567    0.7844   0.01559   0.04784         0
   122/299      2.9G   0.01704   0.04424         0   0.06128       121       640    0.8646    0.9841    0.9583    0.7872    0.0156   0.04594         0
   123/299      2.9G    0.0183   0.04679         0   0.06509        76       640    0.8508    0.9801    0.9534    0.7763   0.01561   0.04627         0
   124/299      2.9G   0.01608   0.04092         0     0.057        91       640    0.8423    0.9801    0.9522    0.7718   0.01564   0.04593         0
   125/299      2.9G   0.01634    0.0405         0   0.05683        56       640    0.8688    0.9801    0.9531    0.7761   0.01546   0.04636         0
   126/299      2.9G   0.01638   0.04134         0   0.05772       114       640    0.8566    0.9841    0.9596    0.7932   0.01481   0.04631         0
   127/299      2.9G   0.01716   0.04395         0    0.0611        99       640    0.8485    0.9841    0.9553    0.7834   0.01575   0.04838         0
   128/299      2.9G   0.01751   0.04361         0   0.06112       106       640    0.8511    0.9841    0.9605    0.7952   0.01499   0.04544         0
   129/299      2.9G   0.01724   0.04239         0   0.05963        80       640    0.8526    0.9841    0.9548    0.7794   0.01548    0.0466         0
   130/299      2.9G   0.01736   0.04225         0   0.05961       115       640    0.8568    0.9761     0.944    0.7771   0.01527   0.04779         0
   131/299      2.9G   0.01859   0.04443         0   0.06302        95       640    0.8693    0.9721     0.945    0.7692    0.0158   0.04829         0
   132/299      2.9G   0.01712   0.04268         0   0.05981        76       640    0.8599     0.978    0.9498    0.7732   0.01565   0.04716         0
   133/299      2.9G   0.01645   0.04348         0   0.05993       104       640    0.8659     0.988    0.9507    0.7762   0.01535     0.048         0
   134/299      2.9G   0.01794   0.04318         0   0.06112       109       640    0.8605    0.9801    0.9426    0.7764   0.01529   0.04788         0
   135/299      2.9G   0.01542   0.04072         0   0.05615       129       640    0.8612    0.9841    0.9471    0.7869   0.01513   0.04676         0
   136/299      2.9G   0.01648   0.04053         0   0.05701        63       640    0.8627    0.9841    0.9457    0.7697   0.01551   0.04706         0
   137/299      2.9G    0.0155   0.04108         0   0.05658        82       640    0.8691    0.9841    0.9462    0.7692   0.01591   0.04732         0
   138/299      2.9G   0.01715   0.04043         0   0.05757        82       640    0.8855    0.9841    0.9457    0.7718   0.01562    0.0466         0
   139/299      2.9G   0.01608   0.04132         0    0.0574       119       640    0.8579    0.9863     0.946    0.7719   0.01592    0.0464         0
   140/299      2.9G   0.01618   0.04179         0   0.05797       135       640    0.8653    0.9841    0.9462    0.7709   0.01566   0.04809         0
   141/299      2.9G   0.01648   0.03977         0   0.05625       160       640    0.8769    0.9721    0.9478    0.7835   0.01542   0.04945         0
   142/299      2.9G   0.01606    0.0399         0   0.05596        84       640    0.8674    0.9801    0.9531    0.7796   0.01504   0.04693         0
   143/299      2.9G   0.01646   0.04035         0   0.05682       110       640    0.8727    0.9801    0.9552     0.778   0.01586   0.04785         0
   144/299      2.9G   0.01671   0.03911         0   0.05582        78       640    0.8679    0.9841    0.9585    0.7905   0.01516   0.04687         0
   145/299      2.9G   0.01567   0.03965         0   0.05532       115       640    0.8736    0.9841    0.9555    0.7803   0.01544   0.04772         0
   146/299      2.9G   0.01536   0.04029         0   0.05565        84       640    0.8715    0.9801    0.9512    0.7835   0.01485   0.04817         0
   147/299      2.9G   0.01647   0.03857         0   0.05504        89       640    0.8618     0.996    0.9479    0.7812   0.01485   0.04653         0
   148/299      2.9G    0.0178   0.04168         0   0.05948        84       640    0.8721     0.988    0.9428    0.7735   0.01513   0.04598         0
   149/299      2.9G   0.01598   0.04193         0   0.05791        62       640    0.8696     0.992    0.9477    0.7768   0.01519   0.04661         0
   150/299      2.9G   0.01478   0.03899         0   0.05377        89       640    0.8722    0.9841    0.9514    0.7904   0.01487   0.04716         0
   151/299      2.9G   0.01621   0.03967         0   0.05588        84       640    0.8692    0.9761    0.9469      0.78   0.01505   0.04898         0
   152/299      2.9G   0.01705   0.04146         0   0.05851        98       640    0.8795    0.9761    0.9454    0.7788   0.01485   0.04978         0
   153/299      2.9G   0.01482   0.03674         0   0.05156        61       640    0.8624    0.9801    0.9452    0.7778   0.01549   0.05028         0
   154/299      2.9G   0.01687   0.04067         0   0.05753        95       640    0.8768    0.9721    0.9579    0.7947   0.01466   0.05013         0
   155/299      2.9G   0.01531   0.04043         0   0.05574        66       640    0.8724    0.9801     0.958    0.7836   0.01507   0.04968         0
   156/299      2.9G   0.01553   0.03994         0   0.05547        83       640    0.8603    0.9812    0.9596    0.7838   0.01471   0.04812         0
   157/299      2.9G   0.01451   0.04014         0   0.05465       125       640    0.8649    0.9801    0.9537    0.7862   0.01491   0.04847         0
   158/299      2.9G   0.01484   0.03987         0    0.0547        95       640    0.8906    0.9725    0.9536    0.7835   0.01539   0.05035         0
   159/299      2.9G   0.01548   0.03855         0   0.05403       106       640    0.8935    0.9721    0.9599     0.788   0.01536   0.05084         0
   160/299      2.9G   0.01553   0.03815         0   0.05368        95       640    0.8811    0.9739    0.9532    0.7807   0.01572   0.05089         0
   161/299      2.9G   0.01643   0.03939         0   0.05582        94       640    0.8745    0.9712    0.9526    0.7779   0.01547   0.05071         0
   162/299      2.9G    0.0148     0.037         0    0.0518       120       640    0.8809    0.9761    0.9508    0.7957   0.01461   0.04942         0
   163/299      2.9G   0.01508   0.03963         0   0.05471       113       640    0.8759     0.988    0.9444    0.7884   0.01439   0.04702         0
   164/299      2.9G   0.01473   0.03712         0   0.05185        89       640    0.8734    0.9896    0.9415    0.7829   0.01458   0.04677         0
   165/299      2.9G    0.0151   0.03797         0   0.05307       121       640    0.8858    0.9841    0.9457    0.7863   0.01445   0.04745         0
   166/299      2.9G   0.01461   0.03948         0   0.05409        66       640    0.8732     0.988    0.9468    0.7806   0.01442   0.04717         0
   167/299      2.9G    0.0147   0.03676         0   0.05147        84       640    0.8702     0.988    0.9426     0.785   0.01469   0.04884         0
   168/299      2.9G   0.01479   0.03716         0   0.05196       101       640    0.8729    0.9853    0.9421     0.775   0.01506   0.04985         0
   169/299      2.9G   0.01468   0.03636         0   0.05104        77       640    0.8726    0.9823    0.9559    0.7886   0.01511   0.04953         0
   170/299      2.9G   0.01602   0.03954         0   0.05556        85       640    0.8786    0.9803    0.9489    0.7814   0.01497   0.04904         0
   171/299      2.9G   0.01421   0.03852         0   0.05273        76       640    0.8577    0.9846    0.9404    0.7815   0.01455   0.04859         0
   172/299      2.9G   0.01502   0.04084         0   0.05586       166       640    0.8639    0.9761    0.9432    0.7812   0.01507   0.04908         0
   173/299      2.9G   0.01402    0.0368         0   0.05082        86       640    0.8689    0.9769    0.9508    0.7911   0.01474   0.04987         0
   174/299      2.9G   0.01385   0.03518         0   0.04902        75       640    0.8717    0.9743    0.9517    0.8014   0.01473    0.0492         0
   175/299      2.9G   0.01508   0.03761         0   0.05269        68       640    0.8721    0.9783    0.9498    0.7923   0.01489    0.0491         0
   176/299      2.9G   0.01405   0.03583         0   0.04988        75       640    0.8583    0.9761    0.9501      0.79   0.01524   0.05001         0
   177/299      2.9G   0.01514   0.03862         0   0.05376       122       640    0.8712    0.9801    0.9456    0.7819   0.01482   0.04965         0
   178/299      2.9G   0.01344   0.03611         0   0.04955        93       640    0.8759    0.9838    0.9445    0.7852   0.01466   0.04908         0
   179/299      2.9G   0.01416   0.03665         0    0.0508        91       640    0.8776    0.9801     0.947    0.7853   0.01453   0.05017         0
   180/299      2.9G   0.01448   0.03714         0   0.05162       100       640    0.8791    0.9853    0.9496    0.7841   0.01468   0.05037         0
   181/299      2.9G   0.01364   0.03583         0   0.04947        80       640    0.8718     0.988     0.959    0.7901   0.01494    0.0508         0
   182/299      2.9G   0.01364   0.03524         0   0.04888        71       640    0.8676     0.988    0.9558    0.7944   0.01462   0.05002         0
   183/299      2.9G    0.0143   0.03643         0   0.05073        95       640    0.8765    0.9898    0.9529    0.7945   0.01458   0.04918         0
   184/299      2.9G    0.0149   0.03691         0    0.0518        66       640    0.8937    0.9841    0.9528     0.794   0.01492   0.05141         0
   185/299      2.9G   0.01371   0.03588         0   0.04959       108       640    0.8981    0.9833    0.9563    0.8007   0.01477   0.05125         0
   186/299      2.9G   0.01468   0.03844         0   0.05312       125       640     0.892    0.9721    0.9576     0.791   0.01507   0.05187         0
   187/299      2.9G   0.01419   0.03554         0   0.04973        93       640    0.8838    0.9801    0.9505    0.7877   0.01486   0.05066         0
   188/299      2.9G   0.01389   0.03555         0   0.04944        79       640    0.8642    0.9885    0.9539    0.7961    0.0148   0.05015         0
   189/299      2.9G   0.01388   0.03636         0   0.05024       102       640    0.8735     0.992    0.9552    0.7983   0.01463   0.04943         0
   190/299      2.9G   0.01325   0.03378         0   0.04703        68       640    0.8733     0.988    0.9559    0.8024   0.01469   0.05019         0
   191/299      2.9G   0.01389   0.03513         0   0.04903       114       640    0.8709     0.992     0.958    0.7961    0.0149   0.05105         0
   192/299      2.9G   0.01368   0.03557         0   0.04925       121       640    0.8693     0.988    0.9608     0.794   0.01496   0.05108         0
   193/299      2.9G   0.01305    0.0347         0   0.04775        97       640    0.8634    0.9841    0.9619    0.7972   0.01465   0.05023         0
   194/299      2.9G   0.01324   0.03497         0   0.04822        67       640    0.8754    0.9841    0.9576    0.8001   0.01453   0.04946         0
   195/299      2.9G   0.01357   0.03513         0    0.0487       107       640    0.8763    0.9879    0.9541    0.7977   0.01478   0.04982         0
   196/299      2.9G   0.01443   0.03662         0   0.05105       103       640    0.8797    0.9841    0.9567     0.798   0.01496   0.05054         0
   197/299      2.9G   0.01336   0.03503         0   0.04839        81       640    0.8743    0.9801    0.9537    0.7951   0.01461   0.05058         0
   198/299      2.9G   0.01338    0.0363         0   0.04968       113       640     0.878    0.9721    0.9592    0.8005   0.01495   0.05194         0
   199/299      2.9G   0.01377   0.03296         0   0.04673        89       640    0.8845     0.976    0.9531    0.7988   0.01499   0.05197         0
   200/299      2.9G   0.01359    0.0355         0   0.04909       137       640    0.8806     0.988    0.9536    0.7948   0.01513    0.0529         0
   201/299      2.9G   0.01309   0.03409         0   0.04718       131       640    0.8822    0.9841    0.9478    0.7911   0.01478   0.05142         0
   202/299      2.9G   0.01284    0.0342         0   0.04704       108       640     0.876    0.9841    0.9489     0.787   0.01476   0.05216         0
   203/299      2.9G   0.01306   0.03555         0   0.04861       135       640    0.8768    0.9841    0.9525    0.7873   0.01469   0.05213         0
   204/299      2.9G   0.01348   0.03741         0   0.05089        78       640    0.8688    0.9841    0.9493    0.7871   0.01459   0.05154         0
   205/299      2.9G   0.01279   0.03317         0   0.04596        75       640     0.876    0.9841    0.9521    0.7968   0.01489   0.05199         0
   206/299      2.9G   0.01301   0.03545         0   0.04845       122       640    0.8798    0.9841    0.9532    0.7939   0.01495   0.05175         0
   207/299      2.9G   0.01319    0.0355         0   0.04869       107       640    0.8766     0.992    0.9534     0.796   0.01463   0.05114         0
   208/299      2.9G   0.01324   0.03415         0   0.04739        78       640    0.8743    0.9841    0.9535    0.7983   0.01489   0.05096         0
   209/299      2.9G   0.01306   0.03401         0   0.04707        84       640     0.866    0.9841    0.9563     0.798   0.01492   0.05037         0
   210/299      2.9G   0.01263   0.03266         0    0.0453        92       640    0.8672     0.988    0.9643    0.8033   0.01483    0.0504         0
   211/299      2.9G   0.01255   0.03337         0   0.04591        71       640    0.8617     0.992    0.9681    0.8004   0.01466   0.04924         0
   212/299      2.9G   0.01357   0.03497         0   0.04854        99       640    0.8549     0.996    0.9665     0.803   0.01461   0.04895         0
   213/299      2.9G   0.01309   0.03446         0   0.04755        80       640    0.8641     0.988    0.9648     0.805    0.0146   0.05083         0
   214/299      2.9G   0.01219   0.03245         0   0.04464        77       640    0.8874     0.988    0.9607    0.8027   0.01461   0.05027         0
   215/299      2.9G   0.01289   0.03232         0   0.04521        74       640    0.8909    0.9764    0.9556    0.8029    0.0145   0.05132         0
   216/299      2.9G   0.01287   0.03393         0    0.0468       130       640    0.8827    0.9721    0.9491    0.7928   0.01459   0.05185         0
   217/299      2.9G   0.01239   0.03228         0   0.04467        86       640    0.8798     0.988    0.9522    0.7975   0.01444   0.05112         0
   218/299      2.9G    0.0127   0.03358         0   0.04628       130       640    0.8759     0.992    0.9552    0.7955   0.01464   0.05189         0
   219/299      2.9G   0.01258   0.03292         0    0.0455       105       640    0.8762    0.9866    0.9548    0.7953    0.0146   0.05183         0
   220/299      2.9G   0.01246   0.03188         0   0.04434        70       640    0.8697    0.9801    0.9506    0.7914   0.01467   0.05241         0
   221/299      2.9G   0.01323   0.03553         0   0.04876        99       640      0.87     0.992    0.9546    0.7922   0.01453   0.05112         0
   222/299      2.9G   0.01224   0.03318         0   0.04543        82       640    0.8756     0.992    0.9539    0.7908   0.01452   0.05048         0
   223/299      2.9G   0.01237   0.03394         0   0.04631       116       640    0.8833    0.9951    0.9576    0.7958   0.01452   0.05033         0
   224/299      2.9G   0.01249   0.03193         0   0.04442        97       640    0.8818     0.988    0.9592    0.7929   0.01467   0.05233         0
   225/299      2.9G   0.01192   0.03159         0   0.04351        87       640    0.8768    0.9928    0.9574    0.7948   0.01452   0.05179         0
   226/299      2.9G   0.01206   0.03249         0   0.04454        93       640    0.8674    0.9905    0.9548    0.7949   0.01457    0.0526         0
   227/299      2.9G   0.01216   0.03277         0   0.04492        90       640    0.8644    0.9801     0.956    0.7937   0.01478   0.05286         0
   228/299      2.9G    0.0125   0.03357         0   0.04606       121       640     0.882    0.9801    0.9533     0.796   0.01454   0.05301         0
   229/299      2.9G   0.01254   0.03084         0   0.04338        60       640    0.8694    0.9814    0.9503    0.7939   0.01446   0.05327         0
   230/299      2.9G   0.01217   0.03122         0   0.04339        94       640     0.872    0.9841    0.9496    0.7912   0.01454   0.05291         0
   231/299      2.9G   0.01223   0.03169         0   0.04393       100       640    0.8726     0.988    0.9511    0.7913   0.01474   0.05295         0
   232/299      2.9G   0.01242   0.03162         0   0.04404       141       640    0.8714     0.988     0.951    0.7901   0.01509   0.05327         0
   233/299      2.9G   0.01223   0.03289         0   0.04511        87       640    0.8737    0.9921    0.9522    0.7888   0.01507   0.05349         0
   234/299      2.9G   0.01209   0.03183         0   0.04392       108       640    0.8729    0.9841    0.9535    0.7973   0.01499    0.0532         0
   235/299      2.9G   0.01198   0.03055         0   0.04253        79       640    0.8732    0.9876    0.9528    0.8023   0.01495   0.05349         0
   236/299      2.9G   0.01237   0.03222         0   0.04459        78       640     0.871     0.992    0.9539    0.7969   0.01472   0.05262         0
   237/299      2.9G   0.01224   0.03276         0     0.045        88       640    0.8698     0.992    0.9588    0.8014   0.01464   0.05259         0
   238/299      2.9G   0.01245   0.03301         0   0.04546        96       640    0.8707    0.9923    0.9575    0.8034   0.01455   0.05166         0
   239/299      2.9G   0.01213   0.03251         0   0.04465       134       640    0.8781     0.992    0.9541    0.8033   0.01448   0.05227         0
   240/299      2.9G   0.01219   0.03413         0   0.04632        96       640    0.8785     0.992    0.9497    0.7973   0.01445   0.05252         0
   241/299      2.9G   0.01152   0.03071         0   0.04223        80       640    0.8829     0.992     0.952    0.7977   0.01458    0.0521         0
   242/299      2.9G     0.012   0.03119         0   0.04319        80       640    0.8777     0.992    0.9501    0.7954   0.01456   0.05195         0
   243/299      2.9G   0.01156   0.02996         0   0.04152        70       640    0.8838     0.992    0.9478    0.7927   0.01457   0.05189         0
   244/299      2.9G   0.01235   0.03214         0   0.04449        75       640    0.8809     0.992    0.9439    0.7896   0.01446   0.05127         0
   245/299      2.9G   0.01207   0.03195         0   0.04402       114       640    0.8767     0.988    0.9475    0.7939    0.0145   0.05146         0
   246/299      2.9G   0.01192   0.03165         0   0.04357        96       640    0.8718     0.988    0.9427    0.7821   0.01466   0.05185         0
   247/299      2.9G   0.01212    0.0324         0   0.04452        83       640     0.872     0.988    0.9433     0.783   0.01481   0.05233         0
   248/299      2.9G   0.01187   0.03244         0   0.04431       134       640    0.8738     0.996    0.9443    0.7812   0.01478   0.05189         0
   249/299      2.9G   0.01146   0.03026         0   0.04172        79       640    0.8739     0.996    0.9513    0.7881    0.0148   0.05216         0
   250/299      2.9G   0.01179   0.03094         0   0.04273        81       640    0.8791    0.9841    0.9538     0.791    0.0149   0.05289         0
   251/299      2.9G    0.0118   0.03024         0   0.04204       104       640    0.8914    0.9801    0.9502    0.7914   0.01492   0.05388         0
   252/299      2.9G   0.01226   0.03132         0   0.04358       112       640    0.8792    0.9801    0.9479    0.7894   0.01482   0.05379         0
   253/299      2.9G   0.01184    0.0308         0   0.04264        61       640    0.8762    0.9841    0.9474    0.7896   0.01466   0.05266         0
   254/299      2.9G    0.0113   0.02892         0   0.04022        97       640    0.8739    0.9841    0.9508     0.794   0.01464   0.05233         0
   255/299      2.9G   0.01152   0.03042         0   0.04194        80       640    0.8755    0.9841    0.9505    0.7951   0.01459   0.05247         0
   256/299      2.9G   0.01209   0.03186         0   0.04396        69       640    0.8668    0.9841    0.9471    0.7889   0.01463   0.05322         0
   257/299      2.9G   0.01182   0.03096         0   0.04278        74       640     0.877    0.9841    0.9425    0.7869   0.01458   0.05291         0
   258/299      2.9G   0.01164   0.03117         0    0.0428        87       640    0.8833    0.9841     0.941    0.7872   0.01464   0.05394         0
   259/299      2.9G   0.01167   0.03263         0    0.0443        78       640    0.8885     0.984    0.9443    0.7866   0.01468   0.05421         0
   260/299      2.9G   0.01182   0.03133         0   0.04315        79       640    0.8822    0.9848    0.9472     0.789   0.01471   0.05399         0
   261/299      2.9G   0.01133   0.02921         0   0.04054        68       640    0.8766    0.9905    0.9496    0.7912   0.01477   0.05394         0
   262/299      2.9G   0.01176   0.02981         0   0.04157        65       640    0.8758    0.9835    0.9445    0.7876   0.01467   0.05427         0
   263/299      2.9G    0.0121    0.0318         0    0.0439        80       640    0.8757    0.9821    0.9459    0.7896   0.01471   0.05503         0
   264/299      2.9G   0.01167   0.02975         0   0.04143        88       640    0.8669    0.9864    0.9438    0.7887   0.01467   0.05465         0
   265/299      2.9G   0.01164   0.03038         0   0.04203        91       640    0.8675     0.992    0.9436    0.7919   0.01453   0.05424         0
   266/299      2.9G   0.01155    0.0307         0   0.04224       109       640    0.8706     0.988     0.945     0.791   0.01455   0.05439         0
   267/299      2.9G   0.01121   0.02903         0   0.04024        91       640    0.8807     0.988    0.9428    0.7899   0.01458   0.05412         0
   268/299      2.9G   0.01126   0.02927         0   0.04053       104       640    0.8839    0.9841    0.9407    0.7857   0.01467   0.05472         0
   269/299      2.9G   0.01141   0.02979         0   0.04121       121       640    0.8828    0.9908    0.9408    0.7855   0.01463   0.05435         0
   270/299      2.9G   0.01174   0.03066         0    0.0424       104       640    0.8809     0.992    0.9439    0.7867   0.01468    0.0547         0
   271/299      2.9G   0.01153   0.03183         0   0.04337        97       640    0.8821     0.992    0.9454    0.7866   0.01479   0.05451         0
   272/299      2.9G    0.0114    0.0282         0    0.0396        69       640    0.8819     0.992    0.9495    0.7899   0.01485   0.05507         0
   273/299      2.9G   0.01143   0.03045         0   0.04188       110       640    0.8824     0.992    0.9462    0.7908   0.01486    0.0547         0
   274/299      2.9G   0.01114   0.02934         0   0.04049        75       640    0.8811     0.988    0.9459    0.7898   0.01503   0.05527         0
   275/299      2.9G   0.01137   0.03005         0   0.04141        88       640    0.8821     0.992    0.9445    0.7851   0.01512   0.05512         0
   276/299      2.9G   0.01148   0.02978         0   0.04126        60       640    0.8829    0.9915    0.9453    0.7828   0.01504   0.05544         0
   277/299      2.9G   0.01151   0.03065         0   0.04216       125       640    0.8854     0.988    0.9435    0.7782   0.01488   0.05555         0
   278/299      2.9G    0.0113   0.03045         0   0.04175        82       640    0.8767     0.988    0.9432    0.7839   0.01469   0.05476         0
   279/299      2.9G   0.01172    0.0314         0   0.04312       101       640    0.8828     0.988    0.9425    0.7862   0.01476   0.05349         0
   280/299      2.9G    0.0117   0.03127         0   0.04297        86       640    0.8777     0.996    0.9459     0.788   0.01478    0.0525         0
   281/299      2.9G   0.01135   0.03011         0   0.04146       117       640    0.8713     0.996    0.9457    0.7876   0.01464   0.05214         0
   282/299      2.9G   0.01099   0.03011         0    0.0411       135       640    0.8758     0.992    0.9473    0.7884    0.0147   0.05236         0
   283/299      2.9G   0.01163   0.03158         0   0.04321        57       640     0.881     0.992    0.9476    0.7916   0.01469   0.05328         0
   284/299      2.9G   0.01196    0.0289         0   0.04086        84       640    0.8797     0.992     0.946    0.7853   0.01481   0.05451         0
   285/299      2.9G   0.01139   0.03044         0   0.04183        90       640    0.8756     0.996    0.9506    0.7918   0.01496   0.05568         0
   286/299      2.9G   0.01143   0.03087         0    0.0423       111       640    0.8737     0.996    0.9557    0.7979     0.015   0.05528         0
   287/299      2.9G   0.01145   0.02895         0    0.0404        68       640    0.8779     0.992    0.9599    0.8017   0.01496   0.05533         0
   288/299      2.9G   0.01116   0.02987         0   0.04103        95       640    0.8796     0.996    0.9579    0.7988   0.01491   0.05521         0
   289/299      2.9G   0.01104   0.02871         0   0.03975        81       640    0.8771    0.9955    0.9543    0.8012   0.01468   0.05468         0
   290/299      2.9G   0.01104   0.02966         0   0.04069        99       640    0.8734    0.9892    0.9501    0.7971   0.01458   0.05455         0
   291/299      2.9G   0.01118    0.0307         0   0.04188       146       640    0.8694     0.996    0.9479     0.795   0.01455    0.0537         0
   292/299      2.9G   0.01166   0.03072         0   0.04239       103       640    0.8731    0.9868    0.9455    0.7901   0.01462    0.0547         0
   293/299      2.9G   0.01119   0.02949         0   0.04068        85       640    0.8726     0.988    0.9457    0.7921   0.01475   0.05577         0
   294/299      2.9G   0.01173   0.02927         0     0.041        74       640    0.8756     0.988    0.9458    0.7902   0.01475     0.056         0
   295/299      2.9G   0.01117   0.02871         0   0.03988       119       640    0.8729     0.985    0.9472    0.7924   0.01466   0.05524         0
   296/299      2.9G   0.01124   0.02895         0    0.0402        84       640    0.8617    0.9929    0.9493    0.7934   0.01451   0.05449         0
   297/299      2.9G   0.01075   0.02875         0    0.0395        81       640    0.8767     0.988    0.9472    0.7933   0.01456   0.05476         0
   298/299      2.9G   0.01116   0.03012         0   0.04127        86       640    0.8636     0.992    0.9446    0.7902   0.01462   0.05555         0
   299/299      2.9G   0.01125   0.02759         0   0.03884        59       640    0.8704     0.992    0.9475    0.7865   0.01464   0.05538         0
