     0/299    0.487G     0.105    0.1092         0    0.2142        84       640         0         0   0.02304  0.003857   0.07529    0.1192         0
     1/299     1.33G   0.08571    0.1378         0    0.2235       121       640         0         0   0.04128  0.007626   0.05778    0.1333         0
     2/299     1.33G   0.08124    0.1369         0    0.2181        84       640         0         0   0.03897  0.006895      0.06    0.1326         0
     3/299     1.33G   0.07749    0.1504         0    0.2279        79       640         1  0.003984    0.0432   0.01071   0.06264    0.1298         0
     4/299     1.33G   0.07663    0.1463         0     0.223        74       640         0         0   0.05412  0.009966   0.06187      0.13         0
     5/299     1.33G   0.07608     0.143         0    0.2191        83       640         1  0.003984    0.1844   0.03502   0.06103    0.1264         0
     6/299     1.33G   0.07556    0.1351         0    0.2106       121       640   0.08862    0.8805    0.2513   0.05334   0.05936    0.1064         0
     7/299     1.33G   0.07338    0.1272         0    0.2006        94       640   0.05163    0.9442    0.3419   0.07096   0.05861    0.1116         0
     8/299     1.33G   0.07232    0.1238         0    0.1962        78       640    0.0793    0.9363    0.3968   0.09153   0.06163   0.09285         0
     9/299     1.33G   0.06904    0.1139         0     0.183        66       640    0.0968    0.8964    0.3853    0.1024   0.06069   0.08934         0
    10/299     1.33G   0.06742    0.1195         0    0.1869       127       640   0.07503    0.9124     0.522    0.1466   0.05793    0.0968         0
    11/299     1.33G   0.06416     0.112         0    0.1762        59       640   0.07286    0.9522    0.5354    0.1775   0.05621    0.1083         0
    12/299     1.33G    0.0616    0.1071         0    0.1687       101       640    0.1846    0.9442    0.5416    0.1756   0.05156   0.08708         0
    13/299     1.33G   0.05916    0.1017         0    0.1608        73       640    0.1482    0.9522    0.5879    0.1997    0.0491   0.08866         0
    14/299     1.33G   0.05827   0.09799         0    0.1563        65       640    0.2169    0.9283    0.6609    0.2112   0.04964   0.08149         0
    15/299     1.33G   0.05551   0.09553         0     0.151        96       640    0.1135     0.988    0.6071    0.2007   0.04891    0.0964         0
    16/299     1.33G   0.05468   0.09768         0    0.1524        58       640    0.2142    0.9641    0.8099    0.2857   0.04579   0.07971         0
    17/299     1.33G   0.05383   0.09313         0     0.147        79       640    0.1775    0.9801    0.6288    0.2559    0.0468   0.08018         0
    18/299     1.33G   0.05282   0.09575         0    0.1486        76       640    0.1776    0.9761    0.8068    0.3874   0.04332   0.08065         0
    19/299     1.33G   0.05327    0.1027         0    0.1559        87       640    0.1385    0.9641    0.5494     0.198   0.04847   0.09012         0
    20/299     1.33G    0.0543    0.0953         0    0.1496        88       640    0.2495    0.9402    0.5783    0.2262   0.04681   0.07833         0
    21/299     1.33G   0.05095   0.09414         0    0.1451        69       640     0.106    0.9761    0.5368    0.1863   0.04918   0.09295         0
    22/299     1.33G   0.05282    0.1007         0    0.1535       138       640    0.3092    0.9721    0.8456    0.4232   0.03719   0.07713         0
    23/299     1.33G   0.05222   0.09472         0    0.1469        59       640    0.3444    0.9681    0.7392    0.3691   0.04054   0.06976         0
    24/299     1.33G   0.04804   0.09217         0    0.1402       109       640    0.2973     0.992    0.8053    0.4433   0.03809   0.06866         0
    25/299     1.33G   0.04902   0.08883         0    0.1379        87       640    0.2445     0.992    0.8164    0.3817   0.04113   0.07842         0
    26/299     1.33G   0.04987   0.09459         0    0.1445        89       640    0.3089    0.9721    0.8323    0.3163    0.0427   0.08469         0
    27/299     1.33G   0.05418   0.09441         0    0.1486       109       640    0.3904    0.9562    0.8081     0.314   0.04112   0.06591         0
    28/299     1.33G   0.05171   0.09154         0    0.1433       102       640    0.4749    0.9562    0.8105    0.2777     0.043   0.06593         0
    29/299     1.33G   0.05101   0.09059         0    0.1416        80       640    0.5129    0.9363    0.8021    0.3884     0.036   0.06985         0
    30/299     1.33G   0.05091   0.08787         0    0.1388        91       640    0.4153    0.9721     0.903    0.5042   0.03549   0.06818         0
    31/299     1.33G   0.04986   0.09673         0    0.1466        89       640    0.1701    0.9323    0.6458    0.1852   0.05295   0.07986         0
    32/299     1.33G   0.04633   0.08583         0    0.1322        86       640      0.27    0.9801    0.8021    0.3567   0.03867   0.06915         0
    33/299     1.33G    0.0478   0.08323         0     0.131        87       640    0.5083    0.9522    0.8728    0.3273   0.03975   0.06418         0
    34/299     1.33G   0.04446   0.08213         0    0.1266        98       640     0.678    0.9522    0.9216    0.4225   0.03638   0.06585         0
    35/299     1.33G   0.04613   0.08416         0    0.1303        94       640    0.4544    0.9602    0.8778    0.3609     0.039   0.06605         0
    36/299     1.33G   0.04839   0.08871         0    0.1371        70       640    0.5681    0.9721    0.8899    0.4331   0.03684    0.0614         0
    37/299     1.33G   0.04217   0.08105         0    0.1232        97       640    0.4016     0.992    0.9247    0.5356   0.03471   0.06641         0
    38/299     1.33G   0.04492   0.08017         0    0.1251        90       640     0.543    0.9721    0.9097    0.4854   0.03449   0.06072         0
    39/299     1.33G   0.04298   0.08458         0    0.1276        93       640    0.4733    0.9761    0.9031    0.5122   0.03191   0.06133         0
    40/299     1.33G   0.04205   0.08621         0    0.1283       135       640    0.4823    0.9681    0.9104    0.5583   0.03278   0.05824         0
    41/299     1.33G   0.04123   0.08776         0     0.129       120       640    0.5624    0.9801    0.9359    0.5426   0.03181   0.06765         0
    42/299     1.33G   0.04175   0.08296         0    0.1247        54       640    0.4443     0.996    0.9336    0.6078   0.02931   0.06024         0
    43/299     1.33G    0.0448   0.08376         0    0.1286       129       640    0.3963    0.9841    0.8204    0.4696   0.03666   0.05787         0
    44/299     1.33G   0.04548   0.08644         0    0.1319       119       640    0.5796    0.9124    0.8568    0.4623   0.03362   0.06933         0
    45/299     1.33G   0.04406   0.08404         0    0.1281       102       640    0.4313     0.992    0.8801    0.5206    0.0341   0.06583         0
    46/299     1.33G   0.04107   0.08237         0    0.1234        68       640    0.4041    0.9801    0.9367    0.5092   0.03412   0.06347         0
    47/299     1.33G   0.04212   0.08149         0    0.1236        65       640    0.5601     0.988    0.9482    0.5826   0.03066   0.05616         0
    48/299     1.33G   0.04479   0.07889         0    0.1237       100       640    0.5025     0.996    0.9331    0.5507   0.03088   0.06203         0
    49/299     1.33G   0.04224   0.07944         0    0.1217        75       640    0.5211    0.9681    0.8637     0.488   0.03289   0.06612         0
    50/299     1.33G   0.03829   0.08189         0    0.1202       111       640    0.4358     0.992    0.9367    0.5594   0.03237   0.06109         0
    51/299     1.33G   0.03976   0.09483         0    0.1346       113       640    0.4072     0.996    0.9384    0.5953    0.0313   0.06434         0
    52/299     1.33G   0.03917   0.08516         0    0.1243        94       640     0.398     0.996    0.9141    0.5255   0.03463    0.0614         0
    53/299     1.33G   0.03936   0.08062         0      0.12       133       640    0.6407    0.9721    0.9388    0.5643   0.02906   0.06029         0
    54/299     1.33G    0.0374   0.08166         0    0.1191       111       640    0.5318     0.992    0.9313    0.6199   0.02501   0.05711         0
    55/299     1.33G   0.03889   0.08322         0    0.1221       109       640    0.6371    0.9602    0.9118    0.5214   0.03142   0.05897         0
    56/299     1.33G    0.0363    0.0831         0    0.1194        98       640    0.4678    0.9841    0.9225    0.4303   0.03464   0.06478         0
    57/299     1.33G   0.03725   0.07909         0    0.1163        84       640    0.5701     0.992      0.95    0.5555   0.02856   0.05718         0
    58/299     1.33G   0.03783    0.0817         0    0.1195       103       640    0.5304     0.996    0.9446    0.5832   0.02667   0.05734         0
    59/299     1.33G   0.03862   0.07787         0    0.1165       113       640    0.5429     0.996    0.9544     0.626   0.02669    0.0581         0
    60/299     1.33G   0.03655   0.07727         0    0.1138       116       640     0.552     0.988    0.9447    0.6083   0.02986   0.05721         0
    61/299     1.33G   0.03507    0.0743         0    0.1094        86       640    0.7409     0.996    0.9545    0.6413   0.02636   0.05609         0
    62/299     1.33G   0.03598   0.07708         0    0.1131       120       640    0.6673         1    0.9541    0.6656   0.02437   0.05225         0
    63/299     1.33G   0.03254   0.07554         0    0.1081       115       640    0.6918     0.996    0.9431    0.6732   0.02292   0.05141         0
    64/299     1.33G   0.03294   0.07317         0    0.1061        53       640    0.6534    0.9721    0.9443    0.6093   0.02738   0.05602         0
    65/299     1.33G   0.03362   0.07134         0     0.105        90       640    0.7088    0.9841    0.9419    0.5831    0.0271   0.05418         0
    66/299     1.33G   0.03415   0.07769         0    0.1118       117       640    0.6706     0.988    0.9458    0.6814   0.02345   0.05081         0
    67/299     1.33G   0.03379   0.07094         0    0.1047        78       640     0.631     0.992     0.944    0.4855   0.02853   0.05201         0
    68/299     1.33G    0.0325   0.07025         0    0.1028        91       640    0.6008         1     0.944    0.6669   0.02453   0.05215         0
    69/299     1.33G    0.0312   0.07052         0    0.1017        87       640    0.5654     0.988    0.9352    0.5738   0.02938   0.05617         0
    70/299     1.33G   0.03544   0.06982         0    0.1053        79       640    0.6348     0.992    0.9375    0.6485   0.02416   0.05663         0
    71/299     1.33G   0.03218    0.0678         0   0.09998        97       640    0.6418     0.996    0.9487    0.6011   0.02666   0.05457         0
    72/299     1.33G   0.03451   0.07509         0    0.1096        99       640    0.6474     0.996    0.9423    0.5895   0.02873   0.05546         0
    73/299     1.33G   0.03314   0.07619         0    0.1093        72       640    0.7542     0.988    0.9395    0.6464   0.02294   0.05445         0
    74/299     1.33G   0.03039   0.06896         0   0.09935        61       640    0.7864     0.992    0.9436     0.665   0.02355   0.04984         0
    75/299     1.33G   0.03327   0.07292         0    0.1062        77       640    0.6917         1    0.9456    0.6778   0.02324   0.05052         0
    76/299     1.33G   0.03096   0.06827         0   0.09922        96       640    0.7259         1    0.9519    0.6616   0.02315   0.05158         0
    77/299     1.33G   0.03292   0.06955         0    0.1025        98       640    0.7516     0.992    0.9475    0.6935    0.0219   0.05124         0
    78/299     1.33G   0.03039   0.06755         0   0.09794        69       640    0.7156    0.9927    0.9433    0.6766   0.02266   0.05063         0
    79/299     1.33G   0.03039   0.07203         0    0.1024        88       640    0.6311         1    0.9526    0.6376   0.02544   0.05535         0
    80/299     1.33G    0.0313   0.07552         0    0.1068        82       640    0.7277     0.996    0.9543    0.7166   0.02097   0.04819         0
    81/299     1.33G   0.03052   0.06775         0   0.09826       102       640    0.8133     0.992    0.9508    0.6839    0.0231   0.04918         0
    82/299     1.33G   0.02994   0.06862         0   0.09856        61       640    0.7553    0.9841     0.946    0.6954   0.02126   0.04926         0
    83/299     1.33G   0.02954   0.06694         0   0.09648        58       640    0.7354     0.996    0.9494    0.7106     0.021   0.04948         0
    84/299     1.33G   0.02935   0.06728         0   0.09663        94       640    0.7319         1    0.9558    0.6759   0.02275    0.0494         0
    85/299     1.33G   0.02885    0.0678         0   0.09665        93       640    0.7651     0.996    0.9455    0.6633   0.02281   0.05312         0
    86/299     1.33G   0.02858   0.06537         0   0.09395        69       640    0.5419     0.988    0.9162    0.5743   0.02708   0.06146         0
    87/299     1.33G   0.03207   0.06634         0   0.09841        49       640    0.6156         1     0.939    0.6779   0.02305   0.05415         0
    88/299     1.33G   0.02953   0.06686         0   0.09639        45       640    0.7776     0.992    0.9451      0.68   0.02289   0.04921         0
    89/299     1.33G   0.02895   0.06816         0   0.09711       108       640    0.4848    0.9482    0.8734    0.4658   0.03343   0.06766         0
    90/299     1.33G   0.02778   0.06673         0   0.09451        78       640    0.6064         1    0.9405    0.6909   0.02113   0.05163         0
    91/299     1.33G   0.03014   0.06872         0   0.09886        86       640    0.4868         1    0.9407    0.6731    0.0229   0.05557         0
    92/299     1.33G   0.02889   0.06948         0   0.09838        66       640    0.6852     0.996    0.9455    0.7186   0.01995   0.04779         0
    93/299     1.33G   0.02749   0.06727         0   0.09476        84       640    0.7317         1    0.9458    0.7109   0.01987   0.04774         0
    94/299     1.33G   0.02726   0.06579         0   0.09304        76       640    0.8131     0.992    0.9444    0.6951   0.02123   0.04925         0
    95/299     1.33G    0.0287   0.06767         0   0.09638        59       640    0.8055     0.992    0.9485    0.7078   0.02022   0.04768         0
    96/299     1.33G   0.02682   0.06634         0   0.09316       113       640    0.8367     0.992    0.9457    0.7241   0.02001   0.04811         0
    97/299     1.33G   0.03014   0.06696         0    0.0971       118       640    0.7754     0.992    0.9468    0.7173   0.01969   0.04766         0
    98/299     1.33G    0.0259   0.06253         0   0.08843        98       640    0.7543         1    0.9472    0.7324   0.01935   0.04675         0
    99/299     1.33G   0.02962   0.06928         0    0.0989        85       640    0.6874     0.988    0.9357    0.6687   0.02199   0.05068         0
   100/299     1.33G   0.02828   0.06338         0   0.09167        73       640     0.728         1    0.9407    0.7094   0.02024   0.04875         0
   101/299     1.33G   0.02914   0.06508         0   0.09422        81       640    0.7404         1     0.943      0.65   0.02377   0.04965         0
   102/299     1.33G   0.02778   0.06468         0   0.09246       105       640    0.8543     0.988    0.9441    0.7157   0.01966   0.04739         0
   103/299     1.33G    0.0264   0.06364         0   0.09004       112       640     0.803     0.996    0.9494    0.7346   0.01917   0.04627         0
   104/299     1.33G   0.02685    0.0591         0   0.08596        82       640    0.7889     0.996    0.9503    0.7291   0.01987   0.04806         0
   105/299     1.33G   0.02732   0.06407         0   0.09139        97       640    0.8123     0.988    0.9486    0.7278   0.01985   0.04678         0
   106/299     1.33G   0.02633    0.0623         0   0.08863        66       640    0.7514     0.996    0.9453    0.7201    0.0194   0.04787         0
   107/299     1.33G   0.02819   0.06729         0   0.09548        72       640    0.7364     0.996    0.9455    0.7042   0.02082   0.05118         0
   108/299     1.33G   0.02833   0.06855         0   0.09688       111       640    0.7417     0.996    0.9498    0.7188   0.02024   0.04875         0
   109/299     1.33G   0.02614   0.06743         0   0.09357       106       640    0.8228     0.992     0.949    0.7196   0.01975   0.04748         0
   110/299     1.33G   0.02555   0.06346         0   0.08901        71       640    0.8099     0.992     0.944    0.7332   0.01894   0.04551         0
   111/299     1.33G    0.0287   0.06774         0   0.09644       104       640    0.7942     0.992    0.9434    0.7275   0.01913   0.04599         0
   112/299     1.33G   0.02786   0.06478         0   0.09263       102       640    0.7773     0.996    0.9447     0.686   0.02159    0.0474         0
   113/299     1.33G   0.02696   0.06027         0   0.08723        74       640    0.8513    0.9801    0.9494    0.7106   0.02109   0.04816         0
   114/299     1.33G   0.02846   0.06462         0   0.09308       108       640    0.8158         1    0.9509    0.7286   0.01889   0.04514         0
   115/299     1.33G   0.02545   0.06196         0   0.08742       115       640    0.8438    0.9841    0.9522    0.7351   0.01948   0.04688         0
   116/299     1.33G   0.02592   0.06067         0   0.08659        85       640    0.7856     0.996    0.9543    0.6852   0.02184   0.04664         0
   117/299     1.33G   0.02542   0.06263         0   0.08805        67       640    0.7809         1    0.9484    0.7276   0.01925   0.04535         0
   118/299     1.33G   0.02662   0.06321         0   0.08984       126       640    0.7235     0.996    0.9465    0.7077   0.02135   0.04861         0
   119/299     1.33G   0.02693   0.06172         0   0.08864       127       640    0.7759     0.996    0.9416    0.7275   0.01932   0.04563         0
   120/299     1.33G   0.02665   0.06635         0   0.09301       136       640    0.7853     0.992    0.9462    0.7203   0.01923   0.04737         0
   121/299     1.33G   0.02567   0.06055         0   0.08622        72       640    0.8043     0.992    0.9455    0.7039   0.01964   0.04659         0
   122/299     1.33G   0.02518    0.0572         0   0.08238        57       640    0.8661    0.9795    0.9454    0.7293   0.01856   0.04609         0
   123/299     1.33G   0.02533   0.06352         0   0.08885        92       640    0.8105     0.988    0.9479    0.6608   0.02386   0.04789         0
   124/299     1.33G   0.02558   0.06246         0   0.08804        74       640     0.801     0.996    0.9437     0.735   0.01855   0.04561         0
   125/299     1.33G   0.02546   0.06356         0   0.08902       109       640    0.7789     0.996    0.9491    0.7259   0.01995   0.04502         0
   126/299     1.33G   0.02641   0.06097         0   0.08739        78       640    0.7945         1    0.9462    0.7296    0.0185   0.04563         0
   127/299     1.33G   0.02523   0.06053         0   0.08577        84       640    0.8397     0.992    0.9455    0.7319    0.0194    0.0455         0
   128/299     1.33G   0.02474   0.05973         0   0.08447        70       640    0.7965     0.992    0.9449    0.7309    0.0187   0.04627         0
   129/299     1.33G   0.02476   0.06224         0     0.087       108       640    0.7753     0.996    0.9433    0.7124   0.01924   0.04576         0
   130/299     1.33G   0.02511    0.0625         0   0.08761       133       640    0.8057     0.996     0.943    0.7337   0.01848   0.04635         0
   131/299     1.33G   0.02586   0.06385         0   0.08971        85       640    0.7671    0.9974    0.9404    0.7126   0.02004   0.04608         0
   132/299     1.33G    0.0261   0.06026         0   0.08636        81       640    0.8256     0.992    0.9401     0.737   0.01858   0.04499         0
   133/299     1.33G   0.02622   0.06138         0    0.0876       115       640    0.8502     0.988    0.9465     0.727   0.01987   0.04624         0
   134/299     1.33G   0.02639   0.06286         0   0.08925       113       640    0.7643         1    0.9439    0.7299   0.01903   0.04674         0
   135/299     1.33G   0.02615   0.05929         0   0.08544        60       640    0.8319     0.996    0.9441    0.7346   0.01876   0.04645         0
   136/299     1.33G   0.02521   0.06061         0   0.08582       115       640    0.7898     0.996     0.943    0.7187   0.02018   0.04731         0
   137/299     1.33G   0.02361   0.06243         0   0.08604        79       640    0.8045     0.996    0.9495    0.7231   0.01958   0.04857         0
   138/299     1.33G   0.02437   0.06086         0   0.08523       137       640    0.8121     0.992    0.9471    0.7238   0.01872   0.04478         0
   139/299     1.33G   0.02606   0.06366         0   0.08972       123       640    0.7741     0.996    0.9426    0.7092   0.01995   0.04719         0
   140/299     1.33G   0.02454   0.05991         0   0.08445       132       640    0.8003     0.996    0.9438    0.7344   0.01845   0.04583         0
   141/299     1.33G   0.02516   0.06085         0   0.08601        85       640    0.7892     0.996    0.9437    0.7286   0.01845   0.04575         0
   142/299     1.33G   0.02488   0.05921         0   0.08409        97       640    0.8513     0.988    0.9387    0.7182   0.01875   0.04521         0
   143/299     1.33G   0.02425    0.0601         0   0.08435        91       640    0.8429     0.996    0.9417    0.7269   0.01865   0.04408         0
   144/299     1.33G   0.02526   0.06096         0   0.08622        56       640    0.7841     0.996    0.9441    0.7361   0.01833   0.04484         0
   145/299     1.33G   0.02381   0.05835         0   0.08216       102       640     0.822    0.9934    0.9486    0.7356   0.01883   0.04509         0
   146/299     1.33G   0.02467   0.05945         0   0.08412        74       640    0.8449     0.988    0.9475    0.7494   0.01772   0.04396         0
   147/299     1.33G    0.0236   0.05649         0   0.08009        91       640    0.8071     0.996    0.9491    0.7487    0.0176    0.0433         0
   148/299     1.33G   0.02427   0.05664         0   0.08091       110       640     0.838    0.9893    0.9505    0.7348   0.01873   0.04536         0
   149/299     1.33G   0.02357   0.06123         0    0.0848        88       640    0.7743     0.996    0.9479    0.7407   0.01846   0.04601         0
   150/299     1.33G   0.02364   0.05861         0   0.08224        76       640    0.7561     0.996    0.9496    0.7257   0.01908   0.04563         0
   151/299     1.33G   0.02342   0.05786         0   0.08128        71       640    0.7736     0.996    0.9473    0.7133   0.01992    0.0468         0
   152/299     1.33G   0.02409   0.05911         0    0.0832        93       640    0.8258     0.988    0.9457    0.7421   0.01853   0.04513         0
   153/299     1.33G   0.02401   0.06096         0   0.08497        91       640    0.8209         1    0.9471    0.7093   0.02021   0.04546         0
   154/299     1.33G    0.0234   0.06117         0   0.08458        96       640    0.8153     0.996    0.9466    0.7398   0.01794   0.04423         0
   155/299     1.33G   0.02327   0.05823         0    0.0815        77       640    0.8138     0.996    0.9446    0.7405   0.01804   0.04435         0
   156/299     1.33G   0.02365   0.05679         0   0.08043        94       640    0.7985     0.996     0.942    0.7198   0.01986   0.04621         0
   157/299     1.33G   0.02467   0.06125         0   0.08592        77       640    0.7814     0.992    0.9476    0.7003   0.02074   0.04678         0
   158/299     1.33G   0.02467   0.05841         0   0.08308       111       640    0.8314     0.988    0.9514    0.7555   0.01761   0.04385         0
   159/299     1.33G   0.02454   0.05937         0   0.08392        89       640    0.8342     0.992    0.9502     0.737   0.01805   0.04492         0
   160/299     1.33G   0.02357   0.05966         0   0.08323        81       640    0.7912     0.992    0.9489    0.7472   0.01764    0.0444         0
   161/299     1.33G   0.02244   0.05799         0   0.08043       104       640    0.8057     0.988    0.9492    0.7296    0.0186    0.0451         0
   162/299     1.33G   0.02292   0.05683         0   0.07976        67       640    0.8279    0.9841    0.9445    0.7521   0.01753   0.04459         0
   163/299     1.33G   0.02289   0.05536         0   0.07825        75       640    0.8145     0.988    0.9436     0.746   0.01788   0.04557         0
   164/299     1.33G   0.02545   0.06395         0    0.0894       140       640    0.8381     0.996    0.9384     0.738   0.01776   0.04511         0
   165/299     1.33G   0.02218   0.05553         0   0.07771       101       640    0.8279     0.996    0.9451    0.7362   0.01825    0.0446         0
   166/299     1.33G   0.02224   0.05577         0   0.07801        77       640    0.8304     0.996    0.9432    0.7419    0.0178   0.04424         0
   167/299     1.33G   0.02266    0.0566         0   0.07926        61       640    0.7883         1    0.9446    0.7422   0.01786    0.0452         0
   168/299     1.33G   0.02298   0.05568         0   0.07866       105       640    0.8258     0.988    0.9483    0.7341   0.01798   0.04539         0
   169/299     1.33G   0.02197   0.05816         0   0.08013        93       640    0.8374     0.988    0.9474    0.7423   0.01749   0.04453         0
   170/299     1.33G   0.02299    0.0586         0   0.08159       131       640    0.8283     0.992    0.9487     0.752   0.01723   0.04434         0
   171/299     1.33G   0.02219   0.05891         0    0.0811        74       640    0.8107     0.992    0.9523    0.7527   0.01744    0.0454         0
   172/299     1.33G   0.02186   0.05771         0   0.07957        96       640    0.8211     0.992    0.9467    0.7482   0.01753   0.04537         0
   173/299     1.33G   0.02425   0.05878         0   0.08303        82       640    0.8406     0.988    0.9462    0.7523   0.01759   0.04525         0
   174/299     1.33G   0.02349   0.06167         0   0.08515        96       640    0.8058    0.9921    0.9427    0.7417   0.01786   0.04624         0
   175/299     1.33G    0.0229   0.06022         0   0.08312       143       640    0.7968     0.992    0.9456    0.7334   0.01848   0.04648         0
   176/299     1.33G   0.02144   0.05731         0   0.07875        86       640    0.8294     0.992    0.9544    0.7481   0.01771   0.04599         0
   177/299     1.33G   0.02298   0.05979         0   0.08277        81       640     0.835     0.992    0.9479    0.7281   0.01841   0.04603         0
   178/299     1.33G   0.02222   0.05681         0   0.07904        83       640      0.83     0.988    0.9483    0.7409   0.01758   0.04583         0
   179/299     1.33G   0.02408   0.05967         0   0.08375       110       640    0.8572     0.988    0.9485    0.7396   0.01806   0.04572         0
   180/299     1.33G   0.02349   0.05613         0   0.07961        92       640    0.8166     0.988    0.9438    0.7487   0.01768   0.04555         0
   181/299     1.33G   0.02241   0.05456         0   0.07698        72       640    0.8108     0.988    0.9421    0.7549   0.01672   0.04367         0
   182/299     1.33G   0.02135   0.05482         0   0.07617       112       640    0.7976    0.9892     0.942     0.752   0.01702   0.04491         0
   183/299     1.33G    0.0217   0.05595         0   0.07765        75       640    0.8183     0.992    0.9457    0.7423   0.01754   0.04525         0
   184/299     1.33G    0.0229    0.0564         0    0.0793        58       640    0.8224     0.992    0.9543    0.7661   0.01712    0.0442         0
   185/299     1.33G   0.02201    0.0569         0    0.0789        74       640    0.8356     0.992    0.9512    0.7518   0.01747   0.04423         0
   186/299     1.33G   0.02219   0.05749         0   0.07968       138       640    0.8373     0.992     0.951    0.7523   0.01792   0.04484         0
   187/299     1.33G   0.02169   0.05814         0   0.07982        69       640    0.8445     0.992    0.9544    0.7626   0.01744   0.04387         0
   188/299     1.33G   0.02195   0.05666         0   0.07861        87       640    0.8456    0.9841    0.9479    0.7454   0.01776   0.04435         0
   189/299     1.33G   0.02162    0.0545         0   0.07613        89       640     0.843    0.9844    0.9457    0.7526   0.01765   0.04522         0
   190/299     1.33G   0.02166    0.0557         0   0.07736        78       640    0.8602     0.992    0.9469    0.7578   0.01718   0.04365         0
   191/299     1.33G    0.0224   0.05833         0   0.08073       105       640    0.8007         1    0.9437    0.7646   0.01732    0.0436         0
   192/299     1.33G   0.02209   0.05623         0   0.07832        62       640    0.8162     0.996    0.9501    0.7667   0.01691   0.04301         0
   193/299     1.33G   0.02326   0.05572         0   0.07898        97       640    0.8568     0.996    0.9493    0.7557   0.01705   0.04418         0
   194/299     1.33G   0.02094   0.05257         0   0.07351        82       640    0.8192     0.996    0.9452    0.7531   0.01751   0.04389         0
   195/299     1.33G   0.02137   0.05459         0   0.07597        69       640    0.8196     0.996    0.9476    0.7485   0.01806   0.04496         0
   196/299     1.33G   0.02233    0.0574         0   0.07974        88       640    0.8114     0.992    0.9467    0.7426   0.01823   0.04452         0
   197/299     1.33G   0.02182   0.05442         0   0.07624        73       640    0.8195     0.992    0.9506     0.754   0.01756   0.04433         0
   198/299     1.33G   0.02112   0.05575         0   0.07687        99       640    0.8037    0.9952     0.946    0.7528    0.0175   0.04452         0
   199/299     1.33G   0.02082   0.05563         0   0.07645        83       640    0.8313     0.992    0.9489    0.7657   0.01687   0.04338         0
   200/299     1.33G   0.02125     0.054         0   0.07526        80       640    0.8244     0.992    0.9488     0.762    0.0169   0.04377         0
   201/299     1.33G   0.02146   0.05479         0   0.07625        72       640    0.8206         1    0.9496    0.7606   0.01674   0.04334         0
   202/299     1.33G   0.02077   0.05344         0   0.07422       111       640    0.7751         1    0.9454    0.7415   0.01752   0.04571         0
   203/299     1.33G   0.02048   0.05304         0   0.07351       113       640    0.7811         1    0.9439    0.7376    0.0177   0.04515         0
   204/299     1.33G   0.02186   0.05583         0    0.0777        98       640    0.8225     0.996    0.9475    0.7541   0.01698   0.04392         0
   205/299     1.33G    0.0212   0.05211         0   0.07331        95       640    0.8638    0.9841    0.9522     0.763   0.01691   0.04514         0
   206/299     1.33G   0.02176   0.05525         0   0.07701       101       640    0.8299     0.988    0.9497    0.7659   0.01657   0.04448         0
   207/299     1.33G   0.02104   0.05493         0   0.07596        80       640    0.8288     0.992    0.9495    0.7666   0.01653   0.04436         0
   208/299     1.33G    0.0209   0.05128         0   0.07218        71       640    0.8361     0.988    0.9465    0.7694   0.01683   0.04402         0
   209/299     1.33G   0.02099   0.05516         0   0.07616       140       640    0.8519    0.9853    0.9471    0.7638   0.01709   0.04503         0
   210/299     1.33G   0.02101   0.05421         0   0.07522       100       640    0.8451    0.9841    0.9484    0.7662   0.01682   0.04448         0
   211/299     1.33G   0.02049   0.05398         0   0.07447        86       640    0.8318    0.9841    0.9474    0.7649   0.01704   0.04433         0
   212/299     1.33G   0.01989   0.05351         0    0.0734        60       640    0.8355     0.988     0.947    0.7594   0.01696   0.04466         0
   213/299     1.33G    0.0207    0.0534         0    0.0741        80       640    0.8448    0.9841    0.9462    0.7446    0.0171   0.04541         0
   214/299     1.33G   0.02085   0.05409         0   0.07494        80       640    0.8341     0.988    0.9446    0.7579   0.01673   0.04411         0
   215/299     1.33G   0.02136   0.05312         0   0.07448       105       640    0.8249     0.992    0.9451    0.7541   0.01685   0.04409         0
   216/299     1.33G   0.02074   0.05499         0   0.07573       146       640    0.8125     0.988    0.9433    0.7478    0.0169   0.04444         0
   217/299     1.33G   0.02096   0.05294         0    0.0739        56       640    0.8321     0.992    0.9483    0.7547   0.01699   0.04402         0
   218/299     1.33G   0.02122   0.05259         0   0.07381        53       640    0.8418     0.992    0.9547    0.7573   0.01693   0.04398         0
   219/299     1.33G   0.02132   0.05478         0    0.0761        97       640    0.8489     0.992    0.9541    0.7633   0.01689   0.04333         0
   220/299     1.33G   0.02014   0.05694         0   0.07708       117       640    0.8454     0.992    0.9596    0.7705   0.01695   0.04348         0
   221/299     1.33G   0.02116    0.0533         0   0.07446        93       640    0.8283     0.992    0.9512    0.7675   0.01698   0.04443         0
   222/299     1.33G   0.02104   0.05474         0   0.07578        83       640    0.8419     0.988     0.948    0.7684   0.01664   0.04408         0
   223/299     1.33G   0.02101   0.05418         0    0.0752        72       640    0.8528     0.988    0.9466    0.7575   0.01698   0.04438         0
   224/299     1.33G   0.02105   0.05403         0   0.07508        94       640    0.8532     0.988    0.9465     0.762   0.01691   0.04427         0
   225/299     1.33G   0.02015   0.05059         0   0.07074        87       640    0.8485     0.988    0.9487    0.7637   0.01664   0.04392         0
   226/299     1.33G   0.02039   0.05339         0   0.07378       105       640    0.8445     0.992    0.9487    0.7584   0.01687    0.0443         0
   227/299     1.33G   0.02044   0.05505         0   0.07549       131       640    0.8479     0.988    0.9467    0.7613   0.01665   0.04491         0
   228/299     1.33G   0.02056   0.05542         0   0.07598        75       640    0.8496     0.992    0.9476    0.7617   0.01676   0.04495         0
   229/299     1.33G   0.02042   0.05342         0   0.07384        86       640    0.8594     0.988    0.9476    0.7632   0.01692   0.04533         0
   230/299     1.33G   0.02082    0.0544         0   0.07523        75       640    0.8515     0.988    0.9449    0.7621   0.01678   0.04477         0
   231/299     1.33G   0.02104   0.05556         0    0.0766       103       640    0.8297     0.988    0.9457    0.7616   0.01672   0.04414         0
   232/299     1.33G   0.02008   0.05155         0   0.07163        83       640    0.8461    0.9841    0.9495     0.762   0.01679   0.04418         0
   233/299     1.33G    0.0207    0.0541         0    0.0748        80       640    0.8238     0.988    0.9509    0.7627    0.0169   0.04391         0
   234/299     1.33G   0.02105   0.05405         0    0.0751       107       640    0.8221     0.988    0.9486    0.7614   0.01685   0.04423         0
   235/299     1.33G   0.02101    0.0564         0   0.07742        74       640    0.8317     0.988    0.9524    0.7588   0.01705    0.0454         0
   236/299     1.33G   0.02047   0.05273         0   0.07319        83       640    0.8375     0.992    0.9526    0.7605   0.01672   0.04421         0
   237/299     1.33G   0.02018   0.05157         0   0.07175       106       640    0.8527     0.992    0.9557     0.769   0.01685   0.04431         0
   238/299     1.33G   0.02008   0.05407         0   0.07416       110       640    0.8549     0.992    0.9564    0.7628   0.01672    0.0447         0
   239/299     1.33G   0.02056    0.0528         0   0.07336        66       640    0.8499     0.992    0.9518    0.7551   0.01709   0.04448         0
   240/299     1.33G   0.02081   0.05402         0   0.07483       107       640    0.8231     0.996    0.9512    0.7602   0.01683   0.04403         0
   241/299     1.33G   0.02078   0.05544         0   0.07622       104       640    0.8199     0.996    0.9523    0.7601   0.01705   0.04423         0
   242/299     1.33G   0.02002   0.05305         0   0.07307       123       640    0.8205     0.992    0.9501    0.7567   0.01718   0.04478         0
   243/299     1.33G   0.02028   0.05103         0   0.07131        89       640     0.845    0.9841    0.9499    0.7642   0.01702    0.0436         0
   244/299     1.33G   0.02025   0.05202         0   0.07227       129       640    0.8496     0.988    0.9515    0.7651   0.01697   0.04357         0
   245/299     1.33G    0.0201   0.05243         0   0.07253       106       640    0.8324     0.988    0.9488    0.7626   0.01665    0.0437         0
   246/299     1.33G    0.0199   0.05281         0   0.07271        88       640    0.8046     0.996     0.949    0.7571   0.01692   0.04397         0
   247/299     1.33G   0.02038   0.05474         0   0.07512       131       640    0.8366     0.992    0.9496    0.7526    0.0169   0.04434         0
   248/299     1.33G   0.02024   0.05257         0   0.07282        67       640    0.8484     0.996    0.9514    0.7625   0.01674   0.04406         0
   249/299     1.33G   0.02099   0.05417         0   0.07516        84       640    0.8214         1    0.9483     0.762   0.01668   0.04322         0
   250/299     1.33G   0.02013   0.05322         0   0.07335        92       640    0.8268     0.996    0.9489    0.7556   0.01693   0.04393         0
   251/299     1.33G   0.01995   0.05131         0   0.07127       122       640     0.831    0.9841     0.949    0.7652   0.01665    0.0436         0
   252/299     1.33G   0.02015   0.05107         0   0.07122        68       640    0.8442     0.988    0.9506    0.7648   0.01672   0.04397         0
   253/299     1.33G   0.01966   0.05331         0   0.07297       107       640    0.8405     0.988    0.9527    0.7676   0.01657   0.04402         0
   254/299     1.33G   0.01931   0.05048         0    0.0698       100       640    0.8719    0.9801    0.9537    0.7617    0.0168   0.04498         0
   255/299     1.33G   0.02063   0.05427         0    0.0749        88       640    0.8604    0.9819    0.9548    0.7639   0.01681   0.04423         0
   256/299     1.33G   0.02041   0.05498         0   0.07539        79       640    0.8466     0.988    0.9556    0.7683   0.01671   0.04373         0
   257/299     1.33G   0.01923   0.05001         0   0.06924        58       640    0.8517     0.988    0.9517    0.7584   0.01676   0.04416         0
   258/299     1.33G   0.01995   0.05259         0   0.07254        82       640    0.8459     0.992    0.9499    0.7615   0.01659   0.04351         0
   259/299     1.33G   0.02003   0.05219         0   0.07221        87       640     0.823     0.988    0.9481     0.758   0.01683   0.04427         0
   260/299     1.33G   0.02015   0.05453         0   0.07468        97       640    0.7969     0.996    0.9478    0.7516   0.01717    0.0447         0
   261/299     1.33G   0.02007   0.05239         0   0.07245        89       640    0.8447     0.992    0.9474     0.752   0.01702   0.04446         0
   262/299     1.33G   0.01957   0.05062         0   0.07019        96       640    0.8412     0.992    0.9475    0.7516   0.01694   0.04444         0
   263/299     1.33G   0.02009   0.05296         0   0.07305        95       640    0.8225     0.996    0.9458    0.7446    0.0173   0.04499         0
   264/299     1.33G   0.02011   0.05368         0   0.07379       139       640    0.8441     0.992    0.9458    0.7594   0.01677   0.04423         0
   265/299     1.33G   0.01975   0.05176         0   0.07152        97       640    0.8463     0.992    0.9463    0.7536   0.01691   0.04497         0
   266/299     1.33G   0.01935   0.05073         0   0.07008        89       640    0.8291     0.988    0.9474    0.7594   0.01671   0.04509         0
   267/299     1.33G   0.01931   0.04929         0    0.0686        56       640    0.8328     0.988    0.9464    0.7626   0.01669   0.04425         0
   268/299     1.33G   0.01951   0.05085         0   0.07036       118       640    0.8472     0.988    0.9473    0.7671   0.01674   0.04412         0
   269/299     1.33G    0.0205   0.05366         0   0.07416        90       640    0.8492    0.9841    0.9486    0.7591   0.01661   0.04427         0
   270/299     1.33G   0.02054   0.05402         0   0.07456        76       640    0.8338    0.9841    0.9483    0.7541   0.01667   0.04432         0
   271/299     1.33G   0.01984   0.05203         0   0.07187        93       640    0.8584    0.9841    0.9531    0.7632   0.01677   0.04356         0
   272/299     1.33G   0.01995   0.05174         0   0.07169        75       640    0.8482     0.992    0.9477    0.7563   0.01699   0.04391         0
   273/299     1.33G   0.02021   0.05295         0   0.07316        91       640    0.8436     0.988    0.9504    0.7656   0.01672   0.04349         0
   274/299     1.33G   0.01939   0.05017         0   0.06957        53       640    0.8355     0.992    0.9423    0.7549   0.01669   0.04366         0
   275/299     1.33G    0.0198   0.05217         0   0.07196       101       640    0.8538     0.992    0.9405    0.7521   0.01695   0.04438         0
   276/299     1.33G   0.01968   0.05158         0   0.07126       102       640    0.8485     0.988    0.9414    0.7416   0.01769   0.04543         0
   277/299     1.33G   0.02042   0.05242         0   0.07284       116       640    0.8699     0.988    0.9425    0.7529   0.01711   0.04469         0
   278/299     1.33G    0.0193   0.05131         0    0.0706       112       640    0.8497     0.988    0.9435    0.7545   0.01717   0.04523         0
   279/299     1.33G   0.01957   0.05042         0   0.06999        93       640     0.857     0.988    0.9453    0.7553   0.01702   0.04522         0
   280/299     1.33G   0.01995   0.05349         0   0.07344       109       640    0.8563     0.988    0.9465      0.75   0.01711   0.04504         0
   281/299     1.33G   0.01999     0.053         0   0.07299        93       640    0.8396     0.996    0.9484    0.7525   0.01706   0.04507         0
   282/299     1.33G   0.01937   0.05106         0   0.07043        92       640    0.8451     0.992    0.9494    0.7589   0.01691   0.04425         0
   283/299     1.33G   0.01972   0.05192         0   0.07164       104       640    0.8341     0.996    0.9512    0.7563    0.0168   0.04363         0
   284/299     1.33G   0.01975   0.05147         0   0.07121       104       640    0.8528     0.992    0.9576    0.7693   0.01698   0.04408         0
   285/299     1.33G   0.01951   0.05057         0   0.07009        85       640    0.8647     0.992     0.954    0.7692   0.01674   0.04342         0
   286/299     1.33G   0.01933   0.05043         0   0.06976        91       640    0.8354     0.996     0.953    0.7619    0.0169   0.04418         0
   287/299     1.33G    0.0198   0.05085         0   0.07065        70       640    0.8289     0.992    0.9519    0.7591   0.01699   0.04448         0
   288/299     1.33G   0.01953   0.05211         0   0.07164       104       640    0.8447     0.996    0.9519    0.7533   0.01715   0.04488         0
   289/299     1.33G   0.02029    0.0522         0   0.07248        92       640    0.8472     0.996     0.956    0.7617   0.01715   0.04445         0
   290/299     1.33G   0.02006   0.05406         0   0.07411       168       640    0.8394     0.996     0.953    0.7653   0.01701   0.04433         0
   291/299     1.33G   0.01873   0.04817         0    0.0669        80       640    0.8273    0.9921    0.9523    0.7641   0.01694   0.04389         0
   292/299     1.33G   0.01992   0.05355         0   0.07347       139       640    0.8414     0.992    0.9546    0.7679   0.01675   0.04392         0
   293/299     1.33G    0.0196   0.05048         0   0.07007        95       640    0.8461     0.988    0.9491    0.7674    0.0167   0.04407         0
   294/299     1.33G   0.01944     0.051         0   0.07044       108       640    0.8527     0.988    0.9452    0.7618   0.01667   0.04424         0
   295/299     1.33G   0.01995   0.05383         0   0.07378       112       640    0.8558    0.9841    0.9462    0.7643   0.01677   0.04444         0
   296/299     1.33G   0.01972   0.05211         0   0.07183        86       640    0.8422     0.988    0.9478     0.756   0.01677   0.04446         0
   297/299     1.33G   0.01997   0.05302         0   0.07299       117       640    0.8449     0.988    0.9475    0.7607   0.01673   0.04452         0
   298/299     1.33G   0.01975   0.05289         0   0.07264        81       640    0.8183     0.992    0.9475    0.7651   0.01673   0.04501         0
   299/299     1.33G   0.01942   0.05038         0    0.0698        88       640    0.8146     0.992    0.9483    0.7672   0.01675   0.04516         0
