0 0.059375 0.3328125 0.11875 0.165625
0 0.06875 0.0453125 0.1375 0.090625
0 0.1359375 0.1375 0.2140625 0.1375
0 0.1359375 0.3859375 0.1546875 0.1359375
0 0.19375 0.2703125 0.25 0.134375
0 0.6578125 0.3296875 0.2046875 0.121875
0 0.5953125 0.4515625 0.203125 0.115625
0 0.521875 0.0796875 0.2625 0.1484375
0 0.8859375 0.3953125 0.228125 0.134375
0 0.63125 0.19375 0.2265625 0.128125
0 0.8890625 0.21875 0.221875 0.13125
0 0.23125 0.94375 0.175 0.1125
0 0.19375 0.5984375 0.25 0.178125
0 0.1171875 0.765625 0.234375 0.14375
0 0.715625 0.953125 0.24375 0.09375
0 0.534375 0.5859375 0.2671875 0.146875
0 0.603125 0.840625 0.1953125 0.10625
0 0.759375 0.7609375 0.2453125 0.1328125
0 0.50625 0.6890625 0.2015625 0.090625
0 0.709375 0.59375 0.109375 0.0890625
0 0.40625 0.6078125 0.175 0.128125