0 0.1875 0.0859375 0.2453125 0.16875
0 0.1953125 0.4171875 0.1890625 0.128125
0 0.1625 0.5125 0.175 0.09375
0 0.0890625 0.1890625 0.178125 0.121875
0 0.1234375 0.30625 0.2015625 0.1203125
0 0.325 0.4703125 0.1765625 0.1265625
0 0.328125 0.36875 0.1359375 0.0953125
0 0.215625 0.265625 0.1359375 0.0984375
0 0.959375 0.3015625 0.08125 0.140625
0 0.9578125 0.0625 0.084375 0.125
0 0.8984375 0.3703125 0.203125 0.103125
0 0.9484375 0.4765625 0.103125 0.103125
0 0.109375 0.95 0.20625 0.1
0 0.053125 0.709375 0.10625 0.15
0 0.3546875 0.9796875 0.259375 0.040625
0 0.0984375 0.8234375 0.196875 0.128125
0 0.378125 0.5796875 0.30625 0.040625
0 0.3640625 0.8515625 0.2609375 0.1328125
0 0.8015625 0.7078125 0.2421875 0.1453125
0 0.690625 0.85 0.18125 0.1625
0 0.63125 0.915625 0.0625 0.125
0 0.7 0.9765625 0.2 0.046875
0 0.878125 0.6421875 0.24375 0.115625
0 0.7546875 0.9546875 0.190625 0.090625