0 0.315625 0.575 0.19375 0.05
0 0.3171875 0.4265625 0.190625 0.1125
0 0.2203125 0.178125 0.2125 0.115625
0 0.1390625 0.0203125 0.278125 0.040625
0 0.23125 0.528125 0.1671875 0.1140625
0 0.39375 0.496875 0.06875 0.125
0 0.1640625 0.5859375 0.171875 0.028125
0 0.33125 0.3015625 0.19375 0.115625
0 0.9671875 0.0578125 0.065625 0.115625
0 0.8578125 0.2796875 0.16875 0.1421875
0 0.9234375 0.1625 0.153125 0.125
0 0.021875 0.9046875 0.04375 0.096875
0 0.2109375 0.95 0.240625 0.1
0 0.0859375 0.8109375 0.1578125 0.1421875
0 0.2390625 0.98125 0.196875 0.0375
0 0.49375 0.7109375 0.13125 0.178125