0 0.2046875 0.034375 0.196875 0.06875
0 0.271875 0.0984375 0.09375 0.128125
0 0.1734375 0.1296875 0.1765625 0.109375
0 0.4125 0.025 0.1875 0.05
0 0.5078125 0.046875 0.209375 0.09375
0 0.5171875 0.15 0.1875 0.1171875
0 0.5984375 0.2390625 0.1546875 0.1234375
0 0.6890625 0.2609375 0.146875 0.096875
0 0.565625 0.296875 0.175 0.025
0 0.49375 0.2671875 0.15625 0.084375
0 0.1875 0.9484375 0.2 0.103125
0 0.2515625 0.6125 0.134375 0.175
0 0.0421875 0.6875 0.084375 0.11875
0 0.0671875 0.96875 0.134375 0.0625
0 0.0609375 0.3796875 0.121875 0.140625
0 0.1140625 0.7421875 0.228125 0.146875
0 0.1109375 0.8671875 0.221875 0.140625
0 0.2515625 0.965625 0.134375 0.06875
0 0.5640625 0.778125 0.1953125 0.1375
0 0.4125 0.3703125 0.1875 0.121875
0 0.6359375 0.521875 0.2421875 0.15
0 0.3953125 0.9578125 0.153125 0.084375
0 0.3921875 0.7015625 0.146875 0.153125
0 0.6484375 0.66875 0.259375 0.1390625
0 0.3671875 0.828125 0.096875 0.14375
0 0.5421875 0.9515625 0.178125 0.096875
0 0.628125 0.3453125 0.24375 0.071875
0 0.55 0.85 0.19375 0.109375
0 0.365625 0.8796875 0.09375 0.096875