0 0.1484375 0.0421875 0.171875 0.084375
0 0.0359375 0.0890625 0.071875 0.109375
0 0.1 0.1390625 0.2 0.109375
0 0.1 0.23125 0.1984375 0.1015625
0 0.1921875 0.35 0.2265625 0.1109375
0 0.0546875 0.38125 0.109375 0.13125
0 0.1 0.503125 0.15 0.06875
0 0.121875 0.453125 0.16875 0.1078125
0 0.828125 0.3921875 0.1578125 0.1
0 0.671875 0.5046875 0.2125 0.065625
0 0.940625 0.5 0.11875 0.075
0 0.9375 0.384375 0.125 0.10625
0 0.0421875 0.8859375 0.084375 0.121875
0 0.9125 0.878125 0.175 0.10625
0 0.9078125 0.703125 0.184375 0.1375
0 0.909375 0.96875 0.18125 0.0625
0 0.8578125 0.7734375 0.2140625 0.1109375