0 0.0375 0.3140625 0.075 0.121875
0 0.1796875 0.284375 0.2046875 0.096875
0 0.128125 0.353125 0.1828125 0.08125
0 0.3125 0.778125 0.1984375 0.0984375
0 0.353125 0.884375 0.1625 0.096875
0 0.2296875 0.6890625 0.203125 0.115625
0 0.31875 0.9625 0.15625 0.075
0 0.1328125 0.525 0.265625 0.09375
0 0.4203125 0.5375 0.059375 0.11875
0 0.896875 0.7671875 0.20625 0.171875
0 0.5828125 0.5578125 0.265625 0.159375
0 0.55 0.9078125 0.2 0.134375
0 0.8015625 0.9265625 0.259375 0.146875
0 0.959375 0.5453125 0.08125 0.134375