0 0.0890625 0.4671875 0.178125 0.140625
0 0.1015625 0.1609375 0.2015625 0.11875
0 0.1640625 0.328125 0.2203125 0.1265625
0 0.1046875 0.5828125 0.190625 0.034375
0 0.209375 0.0484375 0.23125 0.096875
0 0.23125 0.28125 0.246875 0.1015625
0 0.025 0.540625 0.05 0.11875
0 0.1328125 0.5640625 0.165625 0.071875
0 0.15625 0.396875 0.196875 0.1046875
0 0.8546875 0.3296875 0.221875 0.1546875
0 0.6796875 0.3671875 0.1984375 0.14375
0 0.946875 0.1984375 0.10625 0.140625
0 0.7328125 0.2546875 0.1796875 0.125
0 0.834375 0.153125 0.2125 0.11875
0 0.9078125 0.4171875 0.184375 0.121875
0 0.865625 0.0390625 0.2125 0.078125
0 0.7609375 0.4140625 0.1671875 0.1078125
0 0.4265625 0.71875 0.078125 0.15
0 0.4640625 0.85625 0.153125 0.1375