0 0.0921875 0.165625 0.184375 0.11875
0 0.05625 0.2765625 0.1125 0.115625
0 0.075 0.05 0.15 0.1
0 0.1953125 0.34375 0.209375 0.0875
0 0.0609375 0.359375 0.121875 0.05625
0 0.31875 0.225 0.2421875 0.125
0 0.31875 0.05625 0.225 0.1125
0 0.8828125 0.36875 0.234375 0.0375
0 0.9078125 0.1265625 0.184375 0.171875
0 0.65625 0.2140625 0.234375 0.1421875
0 0.3 0.9625 0.21875 0.075
0 0.08125 0.60625 0.1625 0.18125
0 0.0703125 0.86875 0.140625 0.14375
0 0.08125 0.9703125 0.1625 0.059375
0 0.240625 0.85 0.1703125 0.115625
0 0.1546875 0.41875 0.309375 0.0625
0 0.0265625 0.7359375 0.053125 0.128125
0 0.16875 0.6953125 0.2015625 0.1125
0 0.596875 0.628125 0.225 0.121875
0 0.5546875 0.78125 0.171875 0.13125
0 0.4953125 0.953125 0.053125 0.09375