0 0.21875 0.1453125 0.25 0.1328125
0 0.2140625 0.271875 0.2375 0.121875
0 0.259375 0.46875 0.190625 0.13125
0 0.2921875 0.334375 0.1796875 0.109375
0 0.4390625 0.3078125 0.103125 0.128125
0 0.453125 0.0859375 0.13125 0.115625
0 0.5234375 0.5296875 0.146875 0.040625
0 0.6859375 0.115625 0.1953125 0.1203125
0 0.5453125 0.1734375 0.1859375 0.1078125
0 0.4125 0.465625 0.05 0.09375
0 0.484375 0.4453125 0.1296875 0.0828125
0 0.615625 0.06875 0.178125 0.0984375
0 0.4484375 0.159375 0.121875 0.0875
0 0.1765625 0.759375 0.228125 0.1453125
0 0.2828125 0.98125 0.190625 0.0375
0 0.28125 0.8796875 0.20625 0.121875
0 0.115625 0.578125 0.23125 0.05625
0 0.7609375 0.8625 0.20625 0.125
0 0.896875 0.740625 0.20625 0.15
0 0.715625 0.584375 0.275 0.06875
0 0.54375 0.6015625 0.225 0.103125
0 0.6671875 0.675 0.20625 0.1234375
0 0.875 0.9671875 0.25 0.065625
0 0.8296875 0.609375 0.203125 0.11875