0 0.6265625 0.5640625 0.228125 0.090625
0 0.728125 0.48125 0.21875 0.1359375
0 0.459375 0.09375 0.2625 0.18125
0 0.4484375 0.35625 0.240625 0.14375
0 0.46875 0.5 0.2484375 0.140625
0 0.446875 0.590625 0.21875 0.0375
0 0.66875 0.3375 0.1703125 0.115625
0 0.4046875 0.2234375 0.153125 0.128125
0 0.596875 0.1828125 0.2015625 0.1125
0 0.05 0.9515625 0.1 0.096875
0 0.0984375 0.8640625 0.196875 0.134375
0 0.05625 0.7203125 0.1125 0.115625
0 0.5859375 0.71875 0.24375 0.1484375
0 0.7015625 0.8265625 0.2375 0.14375
0 0.5890625 0.9640625 0.253125 0.071875
0 0.89375 0.7453125 0.2125 0.165625