0 0.315625 0.084375 0.2875 0.16875
0 0.346875 0.415625 0.21875 0.1234375
0 0.3984375 0.6109375 0.121875 0.115625
0 0.11875 0.128125 0.2375 0.15625
0 0.41875 0.5390625 0.08125 0.109375
0 0.2359375 0.21875 0.21875 0.13125
0 0.5359375 0.6109375 0.153125 0.115625
0 0.5296875 0.4953125 0.140625 0.115625
0 0.5578125 0.296875 0.196875 0.1375
0 0.6484375 0.121875 0.240625 0.1546875
0 0.725 0.6140625 0.1875 0.109375
0 0.55 0.040625 0.18125 0.08125
0 0.5140625 0.3859375 0.109375 0.115625
0 0.8640625 0.065625 0.240625 0.13125
0 0.690625 0.4890625 0.1640625 0.09375
0 0.8875 0.0171875 0.225 0.034375
0 0.3109375 0.73125 0.271875 0.125
0 0.2078125 0.9625 0.240625 0.075
0 0.428125 0.8234375 0.0625 0.115625
0 0.1859375 0.7953125 0.296875 0.140625
0 0.14375 0.7015625 0.1875 0.065625
0 0.909375 0.8390625 0.18125 0.153125
0 0.8765625 0.9421875 0.228125 0.115625
0 0.9140625 0.9703125 0.171875 0.059375