0 0.571875 0.1796875 0.2703125 0.178125
0 0.7078125 0.8609375 0.2078125 0.1375
0 0.5484375 0.6703125 0.1703125 0.10625
0 0.46875 0.465625 0.2421875 0.1296875
0 0.5140625 0.7828125 0.1890625 0.109375
0 0.8609375 0.140625 0.278125 0.15625
0 0.775 0.709375 0.209375 0.1140625
0 0.7546875 0.5609375 0.1890625 0.1046875
0 0.7734375 0.3 0.234375 0.1171875
0 0.5421875 0.903125 0.1953125 0.128125
0 0.4453125 0.2703125 0.296875 0.140625
0 0.5140625 0.55625 0.2015625 0.1015625
0 0.4046875 0.159375 0.1859375 0.103125
0 0.7234375 0.04375 0.2625 0.0875