0 0.4765625 0.0640625 0.084375 0.128125
0 0.44375 0.5640625 0.15 0.103125
0 0.40625 0.4703125 0.225 0.109375
0 0.4 0.2203125 0.2375 0.128125
0 0.5859375 0.625 0.134375 0.05
0 0.5609375 0.225 0.084375 0.1625
0 0.590625 0.534375 0.14375 0.1
0 0.796875 0.1890625 0.240625 0.1421875
0 0.553125 0.45 0.06875 0.1125
0 0.790625 0.5734375 0.2 0.1046875
0 0.8171875 0.3234375 0.2390625 0.11875
0 0.0921875 0.940625 0.184375 0.1125
0 0.0484375 0.7 0.096875 0.1
0 0.3234375 0.85625 0.2296875 0.1203125
0 0.2484375 0.975 0.234375 0.05
0 0.109375 0.81875 0.2046875 0.115625
0 0.584375 0.96875 0.13125 0.0625
0 0.76875 0.98125 0.15625 0.0375
0 0.7140625 0.8984375 0.1328125 0.1328125