0 0.4171875 0.7125 0.1953125 0.1375
0 0.203125 0.2828125 0.315625 0.165625
0 0.4890625 0.45625 0.2421875 0.15
0 0.2296875 0.9234375 0.190625 0.1421875
0 0.196875 0.6359375 0.2484375 0.153125
0 0.5015625 0.603125 0.259375 0.1390625
0 0.1515625 0.7640625 0.2375 0.1421875
0 0.396875 0.8984375 0.1796875 0.11875
0 0.5859375 0.1703125 0.278125 0.1453125
0 0.1484375 0.1109375 0.259375 0.1421875
0 0.4828125 0.2609375 0.24375 0.1109375
0 0.403125 0.784375 0.19375 0.109375
0 0.3671875 0.16875 0.1859375 0.128125
0 0.15 0.815625 0.2359375 0.096875