0 0.11875 0.084375 0.2375 0.1625
0 0.3890625 0.4640625 0.234375 0.046875
0 0.4265625 0.06875 0.259375 0.1375
0 0.25625 0.4265625 0.1875 0.121875
0 0.45 0.2109375 0.2375 0.128125
0 0.0734375 0.1484375 0.146875 0.134375
0 0.1390625 0.3203125 0.2078125 0.115625
0 0.721875 0.26875 0.215625 0.1296875
0 0.68125 0.3625 0.1859375 0.115625
0 0.8453125 0.1421875 0.2109375 0.1578125
0 0.7046875 0.43125 0.165625 0.1125
0 0.6109375 0.3796875 0.084375 0.090625
0 0.2953125 0.74375 0.215625 0.1265625
0 0.3015625 0.9578125 0.215625 0.084375
0 0.4265625 0.828125 0.20625 0.11875
0 0.525 0.7578125 0.0875 0.140625
0 0.4140625 0.5875 0.209375 0.134375
0 0.8515625 0.6515625 0.2 0.1140625
0 0.9453125 0.54375 0.109375 0.1125
0 0.740625 0.8609375 0.1625 0.096875
0 0.8484375 0.7421875 0.184375 0.11875
0 0.8625 0.9109375 0.15 0.1109375
0 0.9125 0.8109375 0.1609375 0.1125
0 0.7140625 0.7046875 0.1609375 0.0890625
0 0.69375 0.6109375 0.2125 0.1015625