0 0.1 0.2203125 0.2 0.146875
0 0.0421875 0.315625 0.084375 0.10625
0 0.825 0.090625 0.203125 0.153125
0 0.91875 0.1515625 0.1625 0.128125
0 0.784375 0.015625 0.1375 0.03125
0 0.6921875 0.0890625 0.15625 0.1296875
0 0.1015625 0.4453125 0.203125 0.115625
0 0.1234375 0.53125 0.246875 0.11875
0 0.140625 0.440625 0.28125 0.10625
0 0.028125 0.7015625 0.05625 0.171875
0 0.8859375 0.8 0.20625 0.1140625
0 0.603125 0.4078125 0.3125 0.040625
0 0.6421875 0.9265625 0.2046875 0.121875
0 0.65 0.7921875 0.1890625 0.121875
0 0.590625 0.5671875 0.2671875 0.1578125
0 0.8953125 0.9453125 0.209375 0.109375
0 0.84375 0.65 0.1765625 0.109375
0 0.5875 0.66875 0.2453125 0.1140625
0 0.828125 0.409375 0.2 0.04375
0 0.734375 0.9875 0.225 0.025
0 0.659375 0.9796875 0.2125 0.040625