0 0.2578125 0.275 0.2390625 0.1453125
0 0.2171875 0.090625 0.20625 0.125
0 0.153125 0.4921875 0.175 0.034375
0 0.384375 0.021875 0.26875 0.04375
0 0.1296875 0.4203125 0.2203125 0.1609375
0 0.0421875 0.4578125 0.084375 0.103125
0 0.2375 0.3421875 0.2 0.10625
0 0.3359375 0.2203125 0.25625 0.1140625
0 0.9046875 0.3953125 0.190625 0.128125
0 0.8765625 0.4703125 0.184375 0.078125
0 0.7359375 0.45625 0.096875 0.1
0 0.740625 0.35625 0.10625 0.11875
0 0.9671875 0.26875 0.065625 0.15625
0 0.78125 0.08125 0.1875 0.1375
0 0.76875 0.4859375 0.1625 0.046875
0 0.278125 0.928125 0.1921875 0.0984375
0 0.309375 0.834375 0.1953125 0.1046875
0 0.3890625 0.603125 0.209375 0.121875
0 0.540625 0.85 0.1890625 0.11875
0 0.475 0.9390625 0.15625 0.121875
0 0.4859375 0.978125 0.159375 0.04375
0 0.596875 0.734375 0.18125 0.125
0 0.6234375 0.58125 0.128125 0.1125
0 0.9578125 0.70625 0.084375 0.16875
0 0.88125 0.59375 0.2375 0.16875
0 0.8609375 0.7765625 0.2265625 0.1421875