0 0.2625 0.1078125 0.2265625 0.1453125
0 0.4734375 0.19375 0.071875 0.10625
0 0.175 0.1703125 0.2203125 0.121875
0 0.4640625 0.0765625 0.090625 0.128125
0 0.2 0.05625 0.1421875 0.075
0 0.6953125 0.0125 0.234375 0.025
0 0.8609375 0.2171875 0.196875 0.065625
0 0.7765625 0.0609375 0.271875 0.121875
0 0.7953125 0.15625 0.2140625 0.11875
0 0.721875 0.225 0.15 0.05
0 0.934375 0.234375 0.13125 0.03125
0 0.0609375 0.9296875 0.121875 0.128125
0 0.0390625 0.846875 0.078125 0.125
0 0.2234375 0.3234375 0.278125 0.146875
0 0.1390625 0.6140625 0.215625 0.165625
0 0.0390625 0.740625 0.078125 0.13125
0 0.3234375 0.4234375 0.2765625 0.1359375
0 0.078125 0.30625 0.15625 0.1125
0 0.1109375 0.94375 0.14375 0.1125
0 0.6453125 0.6171875 0.271875 0.196875
0 0.6421875 0.9796875 0.228125 0.040625
0 0.6171875 0.284375 0.215625 0.06875
0 0.5859375 0.896875 0.153125 0.15
0 0.5640625 0.759375 0.109375 0.16875
0 0.5484375 0.396875 0.078125 0.14375
0 0.778125 0.953125 0.1625 0.09375
0 0.7953125 0.3609375 0.2953125 0.1875
0 0.8953125 0.3 0.209375 0.1