0 0.021875 0.1328125 0.04375 0.153125
0 0.1328125 0.040625 0.246875 0.08125
0 0.0765625 0.1953125 0.153125 0.128125
0 0.4609375 0.49375 0.103125 0.1
0 0.6234375 0.4421875 0.2234375 0.1171875
0 0.434375 0.28125 0.05 0.1
0 0.4796875 0.375 0.140625 0.0875
0 0.6890625 0.1765625 0.265625 0.14375
0 0.609375 0.05625 0.23125 0.1125
0 0.2859375 0.7359375 0.2125 0.1421875
0 0.2984375 0.615625 0.221875 0.13125
0 0.31875 0.840625 0.18125 0.15625
0 0.1 0.90625 0.2 0.13125
0 0.25 0.9453125 0.19375 0.109375
0 0.1 0.5921875 0.2 0.084375
0 0.1 0.7015625 0.2 0.115625
0 0.9171875 0.6078125 0.165625 0.103125
0 0.9328125 0.7546875 0.134375 0.115625
0 0.9296875 0.934375 0.140625 0.125
0 0.9640625 0.8734375 0.071875 0.096875
0 0.821875 0.9859375 0.16875 0.028125