0 0.103125 0.4265625 0.20625 0.103125
0 0.071875 0.0359375 0.14375 0.071875
0 0.2296875 0.184375 0.28125 0.1375
0 0.1953125 0.265625 0.2484375 0.1078125
0 0.103125 0.15625 0.1515625 0.1078125
0 0.5390625 0.434375 0.159375 0.0875
0 0.7796875 0.446875 0.234375 0.0625
0 0.5375 0.30625 0.15625 0.13125
0 0.5265625 0.06875 0.134375 0.1375
0 0.759375 0.31875 0.2296875 0.125
0 0.690625 0.15625 0.234375 0.1140625
0 0.5171875 0.1859375 0.115625 0.121875
0 0.0671875 0.9453125 0.134375 0.109375
0 0.1109375 0.840625 0.221875 0.13125
0 0.1875 0.6953125 0.2453125 0.159375
0 0.23125 0.5125 0.25 0.06875
0 0.5890625 0.80625 0.2234375 0.1421875
0 0.5453125 0.915625 0.171875 0.1375
0 0.55625 0.9671875 0.19375 0.065625
0 0.6984375 0.65625 0.228125 0.153125
0 0.7625 0.5 0.2375 0.04375