0 0.08125 0.0484375 0.1625 0.096875
0 0.021875 0.296875 0.04375 0.10625
0 0.078125 0.140625 0.15625 0.125
0 0.1234375 0.2390625 0.1703125 0.1359375
0 0.078125 0.3546875 0.15625 0.128125
0 0.89375 0.3984375 0.2125 0.140625
0 0.8453125 0.459375 0.196875 0.0375
0 0.6828125 0.06875 0.284375 0.1375
0 0.615625 0.365625 0.2578125 0.1328125
0 0.621875 0.4515625 0.23125 0.053125
0 0.9484375 0.2484375 0.103125 0.153125
0 0.1171875 0.9671875 0.209375 0.065625
0 0.303125 0.578125 0.21875 0.1234375
0 0.2859375 0.9328125 0.221875 0.134375
0 0.38125 0.7953125 0.175 0.159375
0 0.4015625 0.7015625 0.134375 0.109375
0 0.5890625 0.603125 0.240625 0.1375
0 0.5625 0.8578125 0.1875 0.103125
0 0.6203125 0.9296875 0.271875 0.140625
0 0.83125 0.828125 0.234375 0.171875
0 0.8703125 0.5375 0.259375 0.11875
0 0.9375 0.60625 0.125 0.14375