0 0.1578125 0.0421875 0.259375 0.084375
0 0.24375 0.040625 0.23125 0.08125
0 0.059375 0.121875 0.11875 0.15
0 0.6921875 0.284375 0.2390625 0.1546875
0 0.4953125 0.3078125 0.209375 0.140625
0 0.553125 0.0546875 0.20625 0.109375
0 0.4921875 0.1765625 0.203125 0.128125
0 0.7984375 0.115625 0.259375 0.134375
0 0.5515625 0.89375 0.221875 0.1421875
0 0.6796875 0.4609375 0.215625 0.134375
0 0.7046875 0.9578125 0.203125 0.084375
0 0.734375 0.815625 0.2203125 0.1609375
0 0.85625 0.6671875 0.2625 0.140625
0 0.815625 0.5828125 0.228125 0.09375
0 0.75 0.7140625 0.203125 0.109375