0 0.1734375 0.1515625 0.2734375 0.165625
0 0.4921875 0.0796875 0.171875 0.159375
0 0.5265625 0.1875 0.103125 0.11875
0 0.5296875 0.0796875 0.096875 0.140625
0 0.4234375 0.0421875 0.171875 0.084375
0 0.459375 0.359375 0.215625 0.171875
0 0.3515625 0.4796875 0.2265625 0.125
0 0.109375 0.4375 0.21875 0.11875
0 0.096875 0.5375 0.19375 0.08125
0 0.2875 0.5484375 0.2 0.059375
0 0.9125 0.234375 0.175 0.16875
0 0.93125 0.540625 0.1375 0.075
0 0.8046875 0.340625 0.271875 0.1234375
0 0.8765625 0.053125 0.184375 0.10625
0 0.8859375 0.45625 0.2015625 0.1203125
0 0.9546875 0.4140625 0.090625 0.096875
0 0.5515625 0.7703125 0.053125 0.159375
0 0.5171875 0.60625 0.121875 0.05625
0 0.453125 0.8640625 0.25 0.134375
0 0.4984375 0.9578125 0.159375 0.084375
0 0.665625 0.9234375 0.175 0.103125
0 0.68125 0.6578125 0.20625 0.121875