0 0.05625 0.3859375 0.1125 0.103125
0 0.1 0.128125 0.2 0.14375
0 0.41875 0.2890625 0.11875 0.096875
0 0.5515625 0.4265625 0.146875 0.021875
0 0.4359375 0.1953125 0.153125 0.103125
0 0.4953125 0.0125 0.209375 0.025
0 0.646875 0.2125 0.1890625 0.11875
0 0.58125 0.303125 0.15625 0.121875
0 0.4265625 0.40625 0.134375 0.0625
0 0.59375 0.375 0.1578125 0.1109375
0 0.709375 0.096875 0.19375 0.125
0 0.1015625 0.5828125 0.203125 0.196875
0 0.0890625 0.9625 0.178125 0.075
0 0.0421875 0.8625 0.084375 0.15
0 0.215625 0.9859375 0.21875 0.028125
0 0.2015625 0.925 0.1640625 0.1046875
0 0.6671875 0.925 0.203125 0.15
0 0.7640625 0.7296875 0.1984375 0.11875
0 0.91875 0.625 0.1625 0.15
0 0.859375 0.803125 0.246875 0.14375
0 0.69375 0.484375 0.23125 0.09375
0 0.7796875 0.9625 0.196875 0.075
0 0.6296875 0.821875 0.1375 0.096875
0 0.5359375 0.9265625 0.15625 0.1296875
0 0.8171875 0.603125 0.2 0.1234375