0 0.25 0.021875 0.175 0.04375
0 0.1546875 0.0875 0.1953125 0.134375
0 0.1578125 0.246875 0.1734375 0.128125
0 0.2765625 0.215625 0.121875 0.1
0 0.303125 0.0515625 0.06875 0.103125
0 0.0921875 0.1328125 0.184375 0.103125
0 0.821875 0.053125 0.2125 0.10625
0 0.9484375 0.0359375 0.103125 0.071875
0 0.8921875 0.1515625 0.196875 0.13125
0 0.9796875 0.225 0.040625 0.14375
0 0.921875 0.265625 0.15625 0.13125
0 0.1671875 0.740625 0.209375 0.1265625
0 0.0828125 0.809375 0.165625 0.1
0 0.1390625 0.971875 0.159375 0.05625
0 0.20625 0.51875 0.1890625 0.1171875
0 0.284375 0.9703125 0.10625 0.059375
0 0.284375 0.603125 0.10625 0.10625
0 0.134375 0.8984375 0.16875 0.0953125
0 0.265625 0.8765625 0.1296875 0.0828125
0 0.2203125 0.5921875 0.1421875 0.0859375
0 0.9125 0.8734375 0.175 0.134375
0 0.7984375 0.790625 0.2046875 0.1359375
0 0.8625 0.4359375 0.275 0.096875
0 0.7515625 0.9140625 0.1953125 0.1421875
0 0.6671875 0.528125 0.3046875 0.1375
0 0.746875 0.6671875 0.2203125 0.125
0 0.9328125 0.78125 0.134375 0.13125
0 0.8765625 0.6671875 0.1203125 0.109375