0 0.521875 0.3765625 0.203125 0.1234375
0 0.35625 0.7328125 0.1984375 0.115625
0 0.425 0.6296875 0.1828125 0.115625
0 0.659375 0.60625 0.215625 0.109375
0 0.6484375 0.49375 0.1890625 0.1203125
0 0.5703125 0.7109375 0.1578125 0.1265625
0 0.5703125 0.7890625 0.16875 0.1109375
0 0.71875 0.278125 0.209375 0.1171875
0 0.55625 0.8953125 0.1640625 0.115625
0 0.4015625 0.890625 0.1609375 0.125
0 0.4203125 0.2171875 0.2359375 0.128125
0 0.61875 0.34375 0.153125 0.0875
0 0.3953125 0.775 0.1484375 0.090625
0 0.4796875 0.2640625 0.165625 0.0953125