0 0.1375 0.15625 0.2484375 0.159375
0 0.1 0.25625 0.2 0.125
0 0.1765625 0.371875 0.2140625 0.128125
0 0.3328125 0.3515625 0.165625 0.096875
0 0.2453125 0.4359375 0.196875 0.046875
0 0.4640625 0.4296875 0.209375 0.059375
0 0.9703125 0.065625 0.059375 0.13125
0 0.975 0.2546875 0.05 0.128125
0 0.953125 0.165625 0.09375 0.1375
0 0.825 0.315625 0.1890625 0.1171875
0 0.809375 0.1359375 0.2171875 0.1109375
0 0.9453125 0.36875 0.109375 0.1375
0 0.796875 0.0421875 0.24375 0.084375
0 0.265625 0.575 0.2234375 0.15
0 0.134375 0.975 0.2 0.05
0 0.20625 0.8875 0.2015625 0.13125
0 0.1375 0.5109375 0.196875 0.084375
0 0.3375 0.9515625 0.175 0.096875
0 0.3671875 0.721875 0.2 0.125
0 0.425 0.85 0.2578125 0.1078125
0 0.39375 0.4953125 0.20625 0.071875
0 0.675 0.928125 0.075 0.11875