0 0.159375 0.2640625 0.1609375 0.115625
0 0.0546875 0.31875 0.109375 0.1125
0 0.1140625 0.0234375 0.165625 0.046875
0 0.2515625 0.1640625 0.2109375 0.1
0 0.1359375 0.3875 0.15 0.1046875
0 0.2296875 0.09375 0.16875 0.0828125
0 0.7125 0.44375 0.225 0.05
0 0.6296875 0.0375 0.215625 0.075
0 0.84375 0.35 0.234375 0.159375
0 0.5515625 0.153125 0.203125 0.15
0 0.909375 0.0625 0.18125 0.125
0 0.5140625 0.4296875 0.128125 0.078125
0 0.9125 0.1453125 0.175 0.121875
0 0.0265625 0.6296875 0.053125 0.140625
0 0.828125 0.5125 0.16875 0.0875
0 0.8421875 0.9234375 0.2171875 0.140625
0 0.646875 0.76875 0.2609375 0.15
0 0.921875 0.665625 0.15625 0.13125
0 0.5765625 0.5875 0.253125 0.13125
0 0.8359375 0.75 0.19375 0.0921875
0 0.7171875 0.6453125 0.1875 0.1203125