0 0.071875 0.371875 0.14375 0.125
0 0.4015625 0.25625 0.103125 0.13125
0 0.5671875 0.3875 0.1890625 0.140625
0 0.634375 0.2671875 0.2296875 0.1296875
0 0.3953125 0.3828125 0.090625 0.121875
0 0.7125 0.1203125 0.2453125 0.159375
0 0.5484375 0.5828125 0.178125 0.090625
0 0.40625 0.571875 0.1125 0.1125
0 0.5828125 0.48125 0.19375 0.1265625
0 0.4203125 0.4453125 0.140625 0.109375
0 0.11875 0.6453125 0.2375 0.034375
0 0.8171875 0.7625 0.2390625 0.1453125
0 0.7125 0.98125 0.175 0.0375
0 0.6890625 0.9078125 0.2203125 0.1609375
0 0.5453125 0.946875 0.196875 0.10625
0 0.796875 0.8296875 0.2 0.10625
0 0.8828125 0.70625 0.234375 0.1125