0 0.034375 0.24375 0.06875 0.1375
0 0.6203125 0.2734375 0.215625 0.134375
0 0.86875 0.1421875 0.2625 0.153125
0 0.540625 0.090625 0.14375 0.125
0 0.7546875 0.378125 0.228125 0.0625
0 0.659375 0.034375 0.2 0.06875
0 0.08125 0.940625 0.1625 0.11875
0 0.15 0.8375 0.2328125 0.1640625
0 0.1609375 0.51875 0.2484375 0.153125
0 0.2828125 0.640625 0.2140625 0.1375
0 0.2828125 0.8890625 0.1546875 0.1359375
0 0.3421875 0.7734375 0.253125 0.134375
0 0.290625 0.4609375 0.1921875 0.1
0 0.371875 0.4296875 0.19375 0.040625
0 0.74375 0.9875 0.15625 0.025
0 0.83125 0.6140625 0.20625 0.1265625
0 0.765625 0.915625 0.178125 0.090625
0 0.5703125 0.6390625 0.203125 0.128125
0 0.9078125 0.959375 0.184375 0.08125
0 0.6734375 0.8359375 0.171875 0.09375
0 0.5921875 0.703125 0.215625 0.0921875
0 0.9171875 0.7328125 0.165625 0.109375
0 0.6765625 0.6140625 0.1734375 0.11875