0 0.078125 0.46875 0.15625 0.0375
0 0.1515625 0.43125 0.15625 0.1
0 0.2375 0.040625 0.20625 0.08125
0 0.171875 0.321875 0.178125 0.090625
0 0.0390625 0.0546875 0.078125 0.109375
0 0.325 0.3796875 0.2046875 0.10625
0 0.0828125 0.240625 0.165625 0.09375
0 0.2546875 0.471875 0.196875 0.03125
0 0.053125 0.1078125 0.10625 0.090625
0 0.3453125 0.1390625 0.209375 0.109375
0 0.084375 0.0390625 0.16875 0.078125
0 0.48125 0.134375 0.0625 0.0875
0 0.6796875 0.0734375 0.171875 0.11875
0 0.56875 0.171875 0.1734375 0.103125
0 0.609375 0.3203125 0.146875 0.1046875
0 0.4875 0.3546875 0.075 0.090625
0 0.5515625 0.2546875 0.1734375 0.1046875
0 0.55625 0.409375 0.1359375 0.1046875
0 0.4796875 0.215625 0.059375 0.08125
0 0.071875 0.7578125 0.14375 0.165625
0 0.271875 0.928125 0.24375 0.14375
0 0.340625 0.64375 0.21875 0.14375
0 0.03125 0.584375 0.0625 0.14375
0 0.2671875 0.7359375 0.24375 0.1109375
0 0.1515625 0.64375 0.1859375 0.128125