0 0.2 0.2703125 0.171875 0.1
0 0.04375 0.24375 0.0875 0.10625
0 0.1578125 0.403125 0.1796875 0.121875
0 0.021875 0.353125 0.04375 0.10625
0 0.0578125 0.053125 0.115625 0.10625
0 0.0546875 0.4640625 0.109375 0.121875
0 0.203125 0.1421875 0.175 0.0921875
0 0.0375 0.1375 0.075 0.1
0 0.909375 0.1125 0.18125 0.175
0 0.8921875 0.0265625 0.215625 0.053125
0 0.9015625 0.296875 0.196875 0.14375
0 0.05 0.8671875 0.1 0.115625
0 0.190625 0.6265625 0.15625 0.096875
0 0.103125 0.953125 0.18125 0.09375
0 0.2359375 0.884375 0.190625 0.11875
0 0.05 0.753125 0.1 0.10625
0 0.0328125 0.6375 0.065625 0.10625
0 0.21875 0.75625 0.1734375 0.0984375
0 0.0484375 0.9578125 0.096875 0.084375
0 0.7078125 0.6515625 0.259375 0.146875
0 0.8390625 0.7578125 0.303125 0.146875
0 0.6703125 0.94375 0.184375 0.1125
0 0.815625 0.6734375 0.359375 0.1375