0 0.0421875 0.0625 0.084375 0.125
0 0.1140625 0.15625 0.2125 0.1578125
0 0.24375 0.0875 0.2078125 0.13125
0 0.1984375 0.0171875 0.196875 0.034375
0 0.0375 0.1890625 0.075 0.096875
0 0.7203125 0.1703125 0.265625 0.1265625
0 0.703125 0.0265625 0.275 0.053125
0 0.7625 0.5671875 0.23125 0.125
0 0.609375 0.496875 0.1734375 0.1046875
0 0.6453125 0.64375 0.184375 0.1140625
0 0.56875 0.39375 0.21875 0.125
0 0.653125 0.8234375 0.209375 0.1265625
0 0.7296875 0.7625 0.2265625 0.0984375
0 0.540625 0.978125 0.1625 0.04375
0 0.5265625 0.928125 0.134375 0.1375
0 0.778125 0.45 0.1671875 0.128125