0 0.159375 0.1953125 0.240625 0.1421875
0 0.153125 0.5421875 0.2 0.034375
0 0.1796875 0.3296875 0.2390625 0.11875
0 0.6109375 0.5484375 0.184375 0.021875
0 0.5875 0.3921875 0.2 0.128125
0 0.784375 0.1625 0.2296875 0.1703125
0 0.5984375 0.278125 0.221875 0.14375
0 0.53125 0.2171875 0.0875 0.115625
0 0.753125 0.50625 0.19375 0.10625
0 0.60625 0.503125 0.2375 0.1125
0 0.396875 0.615625 0.18125 0.1125
0 0.103125 0.5890625 0.20625 0.059375
0 0.215625 0.7515625 0.2078125 0.1421875
0 0.3515625 0.9328125 0.259375 0.134375
0 0.2796875 0.975 0.184375 0.05
0 0.365625 0.8765625 0.234375 0.0953125
0 0.5625 0.8109375 0.15 0.171875
0 0.7484375 0.6828125 0.2640625 0.1609375
0 0.6796875 0.89375 0.225 0.1625
0 0.54375 0.6828125 0.1125 0.109375
0 0.6875 0.6046875 0.21875 0.090625