0 0.6671875 0.3953125 0.196875 0.028125
0 0.5859375 0.3421875 0.203125 0.115625
0 0.4875 0.1625 0.2734375 0.128125
0 0.490625 0.0671875 0.2625 0.134375
0 0.828125 0.0390625 0.25 0.078125
0 0.865625 0.1859375 0.2359375 0.128125
0 0.0390625 0.621875 0.078125 0.15
0 0.0640625 0.975 0.128125 0.05
0 0.084375 0.76875 0.16875 0.125
0 0.128125 0.8953125 0.25625 0.109375
0 0.1 0.5171875 0.2 0.121875
0 0.6140625 0.4671875 0.246875 0.115625
0 0.7390625 0.425 0.246875 0.03125
0 0.609375 0.8046875 0.1609375 0.1015625
0 0.5921875 0.628125 0.2375 0.1203125
0 0.7890625 0.828125 0.1625 0.0921875
0 0.571875 0.9 0.16875 0.09375
0 0.7640625 0.946875 0.171875 0.10625
0 0.5609375 0.70625 0.1765625 0.1015625
0 0.8359375 0.4765625 0.1796875 0.1078125
0 0.78125 0.703125 0.165625 0.0890625
0 0.6234375 0.978125 0.146875 0.04375
0 0.559375 0.9734375 0.15 0.053125