0 0.4328125 0.0375 0.178125 0.075
0 0.271875 0.0890625 0.2171875 0.1
0 0.2203125 0.040625 0.2046875 0.075
0 0.271875 0.1796875 0.1671875 0.0921875
0 0.3109375 0.2640625 0.14375 0.096875
0 0.3859375 0.2875 0.140625 0.0625
0 0.25 0.3078125 0.15 0.021875
0 0.234375 0.275 0.1390625 0.0765625
0 0.3765625 0.2171875 0.13125 0.078125
0 0.928125 0.1234375 0.14375 0.134375
0 0.91875 0.275 0.1625 0.0875
0 0.9171875 0.0359375 0.165625 0.071875
0 0.39375 0.771875 0.225 0.140625
0 0.3109375 0.3375 0.215625 0.0375
0 0.3828125 0.95 0.184375 0.1
0 0.34375 0.8765625 0.19375 0.1359375
0 0.1640625 0.9828125 0.190625 0.034375
0 0.15 0.8453125 0.2171875 0.1109375
0 0.4875 0.6296875 0.1625 0.159375
0 0.19375 0.434375 0.2828125 0.15
0 0.1390625 0.7328125 0.2453125 0.121875
0 0.5375 0.4265625 0.0625 0.121875
0 0.890625 0.490625 0.21875 0.15625
0 0.9671875 0.58125 0.065625 0.13125