0 0.4234375 0.0859375 0.171875 0.159375
0 0.4015625 0.384375 0.215625 0.16875
0 0.203125 0.45 0.2625 0.0375
0 0.1359375 0.1671875 0.2609375 0.1453125
0 0.4671875 0.184375 0.084375 0.15625
0 0.1 0.4265625 0.2 0.084375
0 0.3359375 0.0515625 0.215625 0.103125
0 0.5640625 0.025 0.109375 0.05
0 0.6453125 0.05 0.203125 0.1
0 0.646875 0.1375 0.1984375 0.1015625
0 0.7390625 0.25625 0.2265625 0.1109375
0 0.5828125 0.2875 0.146875 0.13125
0 0.5328125 0.39375 0.046875 0.1125
0 0.646875 0.421875 0.15 0.09375
0 0.66875 0.359375 0.16875 0.1078125
0 0.2390625 0.978125 0.196875 0.04375
0 0.396875 0.540625 0.225 0.14375
0 0.26875 0.809375 0.196875 0.15
0 0.075 0.9703125 0.15 0.059375
0 0.3578125 0.6875 0.246875 0.14375
0 0.275 0.9015625 0.2140625 0.134375
0 0.0796875 0.6875 0.159375 0.14375
0 0.0640625 0.8109375 0.128125 0.128125
0 0.084375 0.8671875 0.16875 0.103125
0 0.84375 0.7671875 0.2015625 0.1203125
0 0.9171875 0.5015625 0.165625 0.065625
0 0.659375 0.5234375 0.2125 0.109375
0 0.9671875 0.9328125 0.065625 0.134375
0 0.725 0.60625 0.225 0.090625
0 0.74375 0.5296875 0.2875 0.121875
0 0.909375 0.9703125 0.18125 0.059375