0 0.2171875 0.2375 0.1921875 0.1234375
0 0.334375 0.3171875 0.16875 0.121875
0 0.365625 0.228125 0.10625 0.1
0 0.178125 0.35625 0.18125 0.1234375
0 0.1875 0.125 0.1984375 0.115625
0 0.29375 0.01875 0.125 0.0375
0 0.128125 0.034375 0.25625 0.06875
0 0.334375 0.1140625 0.125 0.0984375
0 0.5703125 0.3140625 0.215625 0.134375
0 0.459375 0.053125 0.08125 0.10625
0 0.834375 0.1828125 0.2890625 0.153125
0 0.490625 0.13125 0.14375 0.125
0 0.625 0.0328125 0.275 0.065625
0 0.7046875 0.41875 0.228125 0.0625
0 0.6109375 0.059375 0.1984375 0.103125
0 0.315625 0.646875 0.20625 0.14375
0 0.1 0.50625 0.2 0.1125
0 0.1078125 0.6234375 0.215625 0.115625
0 0.3234375 0.8796875 0.190625 0.153125
0 0.3203125 0.5203125 0.196875 0.140625
0 0.346875 0.740625 0.14375 0.15625
0 0.153125 0.83125 0.2046875 0.134375
0 0.209375 0.696875 0.16875 0.103125
0 0.4984375 0.590625 0.159375 0.1375
0 0.471875 0.8453125 0.10625 0.103125
0 0.521875 0.9203125 0.20625 0.146875
0 0.515625 0.984375 0.19375 0.03125
0 0.7 0.815625 0.234375 0.171875
0 0.7625 0.5171875 0.30625 0.134375
0 0.871875 0.59375 0.25625 0.14375
0 0.9359375 0.5125 0.128125 0.125