0 0.2875 0.49375 0.24375 0.13125
0 0.2453125 0.30625 0.2109375 0.125
0 0.3734375 0.196875 0.25625 0.1546875
0 0.1375 0.034375 0.275 0.06875
0 0.3765625 0.4375 0.2640625 0.115625
0 0.0578125 0.0578125 0.115625 0.115625
0 0.1328125 0.134375 0.2015625 0.1203125
0 0.296875 0.05625 0.1875 0.1125
0 0.7375 0.2890625 0.203125 0.1234375
0 0.76875 0.0203125 0.25625 0.040625
0 0.5796875 0.053125 0.121875 0.10625
0 0.9296875 0.1390625 0.140625 0.146875
0 0.9265625 0.465625 0.146875 0.125
0 0.6171875 0.1359375 0.196875 0.103125
0 0.8984375 0.3828125 0.203125 0.078125
0 0.878125 0.5078125 0.20625 0.103125
0 0.128125 0.690625 0.2484375 0.159375
0 0.0953125 0.790625 0.190625 0.125
0 0.1671875 0.90625 0.2140625 0.128125
0 0.3234375 0.8859375 0.165625 0.096875
0 0.2359375 0.9734375 0.196875 0.053125
0 0.434375 0.9671875 0.16875 0.065625