0 0.078125 0.040625 0.15625 0.08125
0 0.0828125 0.4953125 0.165625 0.028125
0 0.30625 0.4546875 0.225 0.109375
0 0.3703125 0.1640625 0.265625 0.1265625
0 0.0375 0.0953125 0.075 0.146875
0 0.353125 0.0234375 0.275 0.046875
0 0.0546875 0.2921875 0.109375 0.115625
0 0.1015625 0.421875 0.1828125 0.10625
0 0.825 0.3546875 0.24375 0.1734375
0 0.715625 0.0328125 0.15625 0.065625
0 0.9328125 0.121875 0.134375 0.15
0 0.8796875 0.0421875 0.240625 0.084375
0 0.6921875 0.459375 0.109375 0.1
0 0.0859375 0.5703125 0.171875 0.121875
0 0.0625 0.8328125 0.125 0.146875
0 0.3046875 0.5984375 0.2140625 0.1359375
0 0.0265625 0.65625 0.053125 0.1125
0 0.203125 0.65625 0.2328125 0.1234375
0 0.7359375 0.6078125 0.196875 0.134375
0 0.8359375 0.55 0.246875 0.08125
0 0.7109375 0.9515625 0.146875 0.096875
0 0.721875 0.7765625 0.16875 0.121875
0 0.884375 0.965625 0.1625 0.06875
0 0.69375 0.5328125 0.1125 0.046875
0 0.690625 0.8546875 0.10625 0.103125
0 0.9203125 0.625 0.159375 0.10625
0 0.878125 0.853125 0.165625 0.0890625