0 0.3796875 0.340625 0.1421875 0.1046875
0 0.440625 0.2453125 0.15625 0.103125
0 0.459375 0.4296875 0.11875 0.140625
0 0.359375 0.4453125 0.1671875 0.1171875
0 0.3515625 0.0484375 0.171875 0.096875
0 0.4421875 0.140625 0.153125 0.1
0 0.496875 0.4515625 0.04375 0.103125
0 0.734375 0.39375 0.190625 0.1328125
0 0.603125 0.0953125 0.16875 0.096875
0 0.63125 0.203125 0.1625 0.096875
0 0.5640625 0.0328125 0.090625 0.065625
0 0.8328125 0.2578125 0.234375 0.115625
0 0.5984375 0.3 0.1578125 0.1078125
0 0.8046875 0.10625 0.2046875 0.0984375
0 0.5984375 0.4140625 0.159375 0.128125
0 0.296875 0.69375 0.196875 0.11875
0 0.228125 0.80625 0.190625 0.1171875
0 0.2609375 0.5734375 0.196875 0.109375
0 0.40625 0.9109375 0.2109375 0.1609375
0 0.21875 0.9296875 0.225 0.140625
0 0.4625 0.753125 0.1125 0.125
0 0.4671875 0.58125 0.103125 0.11875
0 0.6140625 0.946875 0.190625 0.10625
0 0.603125 0.7109375 0.16875 0.159375
0 0.8171875 0.5484375 0.209375 0.059375
0 0.8515625 0.9546875 0.228125 0.090625
0 0.784375 0.809375 0.234375 0.1140625
0 0.59375 0.8390625 0.15 0.121875