0 0.51875 0.209375 0.1890625 0.1125
0 0.43125 0.315625 0.1640625 0.1234375
0 0.5421875 0.4234375 0.2109375 0.16875
0 0.3859375 0.4328125 0.1953125 0.140625
0 0.6484375 0.2703125 0.121875 0.140625
0 0.6703125 0.0953125 0.078125 0.128125
0 0.515625 0.0703125 0.20625 0.121875
0 0.6109375 0.4546875 0.196875 0.109375
0 0.9265625 0.1953125 0.146875 0.103125
0 0.9421875 0.3421875 0.115625 0.115625
0 0.8828125 0.09375 0.234375 0.125
0 0.9390625 0.484375 0.121875 0.05
0 0.9734375 0.4609375 0.053125 0.096875
0 0.040625 0.74375 0.08125 0.125
0 0.059375 0.53125 0.11875 0.04375
0 0.08125 0.8046875 0.1625 0.134375
0 0.2171875 0.71875 0.2171875 0.1703125
0 0.078125 0.903125 0.15625 0.1125
0 0.115625 0.9640625 0.19375 0.071875
0 0.225 0.9734375 0.15625 0.053125
0 0.046875 0.9734375 0.09375 0.053125
0 0.1734375 0.909375 0.1546875 0.0921875
0 0.3921875 0.5546875 0.278125 0.090625
0 0.90625 0.9703125 0.1875 0.059375
0 0.940625 0.74375 0.11875 0.14375