0 0.2859375 0.134375 0.171875 0.103125
0 0.2640625 0.240625 0.1828125 0.103125
0 0.4890625 0.1453125 0.178125 0.1
0 0.478125 0.2828125 0.19375 0.109375
0 0.3265625 0.3125 0.184375 0.05
0 0.465625 0.028125 0.15 0.05625
0 0.24375 0.0375 0.225 0.075
0 0.25 0.3078125 0.16875 0.059375
0 0.4328125 0.9546875 0.159375 0.090625
0 0.546875 0.5140625 0.19375 0.128125
0 0.2984375 0.9828125 0.171875 0.034375
0 0.390625 0.703125 0.1671875 0.096875
0 0.2953125 0.559375 0.2125 0.1421875
0 0.6234375 0.6328125 0.225 0.1046875
0 0.5265625 0.8671875 0.2109375 0.1
0 0.3953125 0.4984375 0.146875 0.090625
0 0.5046875 0.796875 0.16875 0.0828125
0 0.8859375 0.9234375 0.215625 0.134375
0 0.8890625 0.7734375 0.2078125 0.1296875
0 0.8734375 0.5234375 0.190625 0.159375
0 0.9734375 0.6203125 0.053125 0.115625
0 0.8640625 0.6515625 0.171875 0.121875