0 0.146875 0.309375 0.2 0.05625
0 0.2578125 0.2140625 0.2296875 0.13125
0 0.0703125 0.05625 0.140625 0.1125
0 0.06875 0.1703125 0.1375 0.115625
0 0.1734375 0.096875 0.171875 0.1203125
0 0.61875 0.315625 0.1875 0.04375
0 0.6984375 0.0625 0.240625 0.125
0 0.5296875 0.1390625 0.240625 0.134375
0 0.7828125 0.3078125 0.146875 0.059375
0 0.5734375 0.246875 0.2 0.1109375
0 0.6953125 0.2078125 0.1203125 0.0984375
0 0.1421875 0.7234375 0.19375 0.1203125
0 0.2203125 0.609375 0.215625 0.125
0 0.1921875 0.475 0.2171875 0.1296875
0 0.1390625 0.85 0.2140625 0.14375
0 0.3171875 0.809375 0.184375 0.15625
0 0.3671875 0.6625 0.084375 0.125
0 0.1671875 0.38125 0.284375 0.0875
0 0.3796875 0.484375 0.059375 0.13125
0 0.653125 0.40625 0.275 0.1375
0 0.846875 0.9046875 0.190625 0.1234375
0 0.8265625 0.6296875 0.1890625 0.1078125
0 0.625 0.875 0.196875 0.1109375
0 0.871875 0.3828125 0.25625 0.090625
0 0.640625 0.7578125 0.1796875 0.1125
0 0.84375 0.7671875 0.2125 0.1109375
0 0.5828125 0.5671875 0.278125 0.1421875
0 0.7046875 0.9609375 0.196875 0.078125
0 0.5875 0.6453125 0.228125 0.1
0 0.6375 0.9546875 0.2 0.090625