0 0.4234375 0.353125 0.20625 0.1140625
0 0.178125 0.4390625 0.20625 0.040625
0 0.1875 0.3453125 0.1890625 0.121875
0 0.1296875 0.11875 0.259375 0.15625
0 0.38125 0.203125 0.1765625 0.109375
0 0.125 0.221875 0.2453125 0.1140625
0 0.8921875 0.178125 0.215625 0.15625
0 0.8625 0.0203125 0.2125 0.040625
0 0.68125 0.203125 0.1625 0.14375
0 0.784375 0.0890625 0.2265625 0.1234375
0 0.15 0.5046875 0.3 0.090625
0 0.0359375 0.6953125 0.071875 0.178125
0 0.921875 0.7453125 0.15625 0.171875
0 0.7 0.83125 0.2 0.14375