0 0.4484375 0.0703125 0.271875 0.140625
0 0.425 0.5078125 0.16875 0.040625
0 0.346875 0.3375 0.2421875 0.1296875
0 0.6078125 0.43125 0.140625 0.10625
0 0.60625 0.1703125 0.14375 0.115625
0 0.3234375 0.1421875 0.296875 0.140625
0 0.3921875 0.428125 0.2015625 0.1015625
0 0.28125 0.040625 0.1875 0.08125
0 0.7703125 0.134375 0.184375 0.16875
0 0.7078125 0.465625 0.059375 0.09375
0 0.85625 0.096875 0.2875 0.13125
0 0.3390625 0.5875 0.284375 0.11875
0 0.26875 0.86875 0.2296875 0.1703125
0 0.096875 0.95625 0.19375 0.0875
0 0.0625 0.646875 0.125 0.14375
0 0.434375 0.6671875 0.296875 0.1546875
0 0.0296875 0.9234375 0.059375 0.115625
0 0.1953125 0.55625 0.215625 0.05625
0 0.5203125 0.584375 0.178125 0.1125
0 0.7703125 0.5609375 0.184375 0.065625
0 0.74375 0.8953125 0.13125 0.121875
0 0.74375 0.775 0.13125 0.125
0 0.9109375 0.9171875 0.178125 0.115625
0 0.859375 0.6625 0.1828125 0.1078125
0 0.71875 0.6453125 0.08125 0.128125
0 0.896875 0.8 0.1640625 0.0953125
0 0.825 0.9609375 0.1875 0.078125