0 0.5359375 0.6609375 0.2421875 0.1453125
0 0.4140625 0.803125 0.2046875 0.1625
0 0.4921875 0.465625 0.2109375 0.125
0 0.2984375 0.8703125 0.1984375 0.125
0 0.4359375 0.953125 0.2015625 0.09375
0 0.6203125 0.35625 0.25625 0.1546875
0 0.3828125 0.15 0.2828125 0.15625
0 0.6234375 0.596875 0.2640625 0.115625
0 0.490625 0.9140625 0.1890625 0.103125
0 0.2578125 0.2109375 0.2109375 0.1328125
0 0.3796875 0.29375 0.2015625 0.1203125
0 0.5453125 0.215625 0.1859375 0.115625
0 0.559375 0.071875 0.2015625 0.1125