0 0.834375 0.3625 0.2 0.03125
0 0.70625 0.3203125 0.20625 0.115625
0 0.5890625 0.06875 0.278125 0.1375
0 0.65625 0.2078125 0.2203125 0.125
0 0.8640625 0.3171875 0.178125 0.121875
0 0.7859375 0.2078125 0.1203125 0.109375
0 0.2875 0.465625 0.2 0.1234375
0 0.1890625 0.6140625 0.178125 0.1
0 0.3875 0.6859375 0.125 0.084375
0 0.2203125 0.7734375 0.134375 0.0828125
0 0.340625 0.903125 0.1515625 0.1015625
0 0.1921875 0.85 0.1515625 0.084375
0 0.1828125 0.5 0.1953125 0.1109375
0 0.2203125 0.94375 0.14375 0.0984375
0 0.3796875 0.7921875 0.140625 0.090625
0 0.196875 0.4171875 0.2 0.078125
0 0.41875 0.4328125 0.0625 0.096875
0 0.3984375 0.503125 0.103125 0.08125
0 0.2 0.6828125 0.1453125 0.0703125
0 0.1875 0.925 0.134375 0.0765625
0 0.50625 0.6828125 0.1125 0.140625
0 0.55 0.5625 0.2 0.13125
0 0.6140625 0.4375 0.246875 0.11875
0 0.4953125 0.903125 0.090625 0.1375
0 0.515625 0.7765625 0.13125 0.128125