0 0.1765625 0.2171875 0.3109375 0.18125
0 0.2203125 0.6234375 0.190625 0.028125
0 0.1625 0.4453125 0.2671875 0.1578125
0 0.3875 0.1140625 0.2921875 0.19375
0 0.121875 0.09375 0.24375 0.14375
0 0.415625 0.528125 0.1765625 0.109375
0 0.159375 0.546875 0.2453125 0.1140625
0 0.4015625 0.2421875 0.2015625 0.1359375
0 0.5890625 0.1109375 0.159375 0.146875
0 0.434375 0.015625 0.29375 0.03125
0 0.9375 0.4203125 0.125 0.103125
0 0.9 0.3265625 0.2 0.109375
0 0.9625 0.5796875 0.075 0.115625
0 0.89375 0.0765625 0.2125 0.128125
0 0.2859375 0.959375 0.228125 0.08125
0 0.5765625 0.73125 0.184375 0.15
0 0.484375 0.909375 0.2484375 0.1796875
0 0.571875 0.6765625 0.19375 0.078125
0 0.528125 0.803125 0.2453125 0.134375
0 0.9015625 0.884375 0.15625 0.121875
0 0.940625 0.659375 0.11875 0.04375
0 0.940625 0.784375 0.11875 0.11875
0 0.9703125 0.7328125 0.059375 0.090625
0 0.79375 0.9375 0.153125 0.1125
0 0.9046875 0.9671875 0.153125 0.065625