0 0.384375 0.2375 0.1984375 0.0984375
0 0.425 0.34375 0.1625 0.096875
0 0.3015625 0.1484375 0.203125 0.115625
0 0.5640625 0.3890625 0.109375 0.096875
0 0.390625 0.4109375 0.15625 0.053125
0 0.55625 0.2453125 0.125 0.096875
0 0.2015625 0.015625 0.271875 0.03125
0 0.540625 0.028125 0.15625 0.05625
0 0.3859375 0.9046875 0.2046875 0.121875
0 0.3234375 0.984375 0.203125 0.03125
0 0.25 0.6546875 0.2625 0.1484375
0 0.559375 0.9515625 0.11875 0.096875
0 0.359375 0.76875 0.2265625 0.128125
0 0.559375 0.490625 0.11875 0.10625
0 0.15625 0.475 0.3125 0.075
0 0.5625 0.79375 0.1125 0.13125
0 0.9390625 0.865625 0.121875 0.125
0 0.8671875 0.55 0.265625 0.15625
0 0.7515625 0.6109375 0.2109375 0.1328125
0 0.8734375 0.69375 0.2015625 0.1203125
0 0.971875 0.6140625 0.05625 0.115625