0 0.0234375 0.359375 0.046875 0.13125
0 0.075 0.1046875 0.15 0.134375
0 0.1015625 0.190625 0.203125 0.11875
0 0.6515625 0.0828125 0.25 0.1640625
0 0.66875 0.3984375 0.2453125 0.16875
0 0.5234375 0.503125 0.271875 0.1234375
0 0.8265625 0.2015625 0.2515625 0.1546875
0 0.596875 0.2078125 0.1859375 0.121875
0 0.603125 0.596875 0.2 0.08125
0 0.921875 0.115625 0.15625 0.1625
0 0.696875 0.578125 0.1359375 0.0984375
0 0.85 0.0765625 0.1890625 0.11875
0 0.2859375 0.978125 0.203125 0.04375
0 0.3546875 0.8921875 0.065625 0.165625
0 0.1515625 0.7046875 0.278125 0.134375
0 0.0890625 0.953125 0.178125 0.09375
0 0.54375 0.75625 0.215625 0.1296875
0 0.503125 0.85 0.1859375 0.115625
0 0.665625 0.671875 0.2125 0.06875
0 0.528125 0.9203125 0.1671875 0.115625
0 0.475 0.984375 0.1625 0.03125
0 0.43125 0.8671875 0.0875 0.090625