0 0.3515625 0.3828125 0.2234375 0.1296875
0 0.134375 0.6328125 0.19375 0.053125
0 0.309375 0.5015625 0.1953125 0.125
0 0.3421875 0.59375 0.184375 0.13125
0 0.48125 0.24375 0.2390625 0.1578125
0 0.1171875 0.4828125 0.209375 0.1046875
0 0.5796875 0.0578125 0.196875 0.115625
0 0.1765625 0.0640625 0.265625 0.128125
0 0.1140625 0.3609375 0.228125 0.115625
0 0.4609375 0.0375 0.178125 0.075
0 0.7546875 0.3828125 0.153125 0.096875
0 0.7234375 0.453125 0.090625 0.08125
0 0.2953125 0.865625 0.1421875 0.1046875
0 0.3625 0.771875 0.16875 0.1015625
0 0.5171875 0.8265625 0.2109375 0.1140625
0 0.4046875 0.9421875 0.178125 0.115625
0 0.2734375 0.9546875 0.165625 0.090625
0 0.36875 0.6875 0.175 0.05625
0 0.54375 0.7015625 0.2125 0.084375
0 0.4765625 0.9625 0.171875 0.075
0 0.8015625 0.69375 0.215625 0.06875
0 0.971875 0.75 0.05625 0.10625
0 0.8234375 0.846875 0.171875 0.125
0 0.94375 0.8578125 0.1125 0.121875
0 0.8296875 0.7359375 0.1703125 0.090625