0 0.4828125 0.2375 0.2015625 0.134375
0 0.5421875 0.1125 0.1875 0.103125
0 0.3015625 0.2296875 0.2171875 0.1046875
0 0.365625 0.3140625 0.228125 0.1234375
0 0.5296875 0.321875 0.1578125 0.103125
0 0.66875 0.209375 0.2203125 0.115625
0 0.38125 0.46875 0.2265625 0.1171875
0 0.5421875 0.525 0.159375 0.0859375
0 0.3640625 0.55 0.2125 0.0921875
0 0.6078125 0.6421875 0.16875 0.0828125
0 0.428125 0.640625 0.1546875 0.1
0 0.6328125 0.7609375 0.1671875 0.1078125
0 0.4328125 0.7390625 0.1578125 0.0984375
0 0.5203125 0.8375 0.1421875 0.1
0 0.4234375 0.8265625 0.1171875 0.096875