0 0.2390625 0.3421875 0.221875 0.1546875
0 0.08125 0.378125 0.1625 0.14375
0 0.3390625 0.2109375 0.121875 0.140625
0 0.1171875 0.2671875 0.1796875 0.125
0 0.21875 0.165625 0.2125 0.11875
0 0.3 0.41875 0.2 0.1
0 0.25 0.0453125 0.2125 0.090625
0 0.14375 0.4203125 0.16875 0.096875
0 0.575 0.4109375 0.2 0.115625
0 0.528125 0.3078125 0.2078125 0.121875
0 0.58125 0.0796875 0.275 0.159375
0 0.4890625 0.175 0.178125 0.125
0 0.74375 0.4015625 0.1890625 0.109375
0 0.6609375 0.28125 0.1796875 0.109375
0 0.3328125 0.9421875 0.134375 0.115625
0 0.153125 0.5375 0.30625 0.1375
0 0.35625 0.696875 0.0875 0.15
0 0.14375 0.8765625 0.2484375 0.153125
0 0.359375 0.8421875 0.08125 0.140625
0 0.1078125 0.965625 0.215625 0.06875
0 0.353125 0.5125 0.09375 0.0875
0 0.3265625 0.984375 0.146875 0.03125
0 0.4515625 0.7484375 0.103125 0.115625
0 0.728125 0.6390625 0.2171875 0.11875
0 0.4875 0.6328125 0.175 0.121875
0 0.6296875 0.746875 0.1640625 0.1265625
0 0.7515625 0.5328125 0.215625 0.128125
0 0.6203125 0.828125 0.165625 0.10625
0 0.4515625 0.925 0.103125 0.125
0 0.565625 0.9359375 0.16875 0.121875
0 0.453125 0.8140625 0.10625 0.090625