0 0.140625 0.08125 0.28125 0.15
0 0.0625 0.203125 0.125 0.11875
0 0.4078125 0.228125 0.115625 0.13125
0 0.5984375 0.1859375 0.240625 0.1453125
0 0.7390625 0.2796875 0.278125 0.1265625
0 0.0578125 0.46875 0.115625 0.13125
0 0.6640625 0.884375 0.184375 0.09375
0 0.7015625 0.5359375 0.2203125 0.134375
0 0.4671875 0.9515625 0.1484375 0.0953125
0 0.478125 0.8453125 0.1578125 0.0875
0 0.446875 0.5421875 0.19375 0.134375
0 0.596875 0.9859375 0.1875 0.028125
0 0.4359375 0.7578125 0.171875 0.103125
0 0.7328125 0.6578125 0.2234375 0.1109375
0 0.4234375 0.6125 0.146875 0.11875