0 0.33125 0.034375 0.275 0.06875
0 0.3171875 0.371875 0.196875 0.121875
0 0.31875 0.2515625 0.1984375 0.1234375
0 0.53125 0.39375 0.203125 0.115625
0 0.465625 0.1375 0.1828125 0.1078125
0 0.25 0.121875 0.234375 0.1265625
0 0.503125 0.275 0.1640625 0.0953125
0 0.43125 0.4328125 0.1875 0.071875
0 0.284375 0.453125 0.175 0.03125
0 0.784375 0.2609375 0.26875 0.165625
0 0.9109375 0.4109375 0.178125 0.115625
0 0.9546875 0.246875 0.090625 0.10625
0 0.734375 0.0671875 0.16875 0.134375
0 0.8953125 0.0203125 0.209375 0.040625
0 0.8984375 0.1171875 0.203125 0.115625
0 0.1921875 0.5046875 0.228125 0.071875
0 0.3 0.728125 0.1890625 0.1125
0 0.2125 0.834375 0.1640625 0.1234375
0 0.321875 0.928125 0.2125 0.14375
0 0.165625 0.940625 0.19375 0.11875
0 0.4984375 0.790625 0.25625 0.1390625
0 0.53125 0.6140625 0.2375 0.128125
0 0.296875 0.5890625 0.20625 0.121875
0 0.396875 0.959375 0.20625 0.08125
0 0.8109375 0.953125 0.190625 0.09375
0 0.84375 0.8625 0.1953125 0.1046875
0 0.909375 0.6296875 0.18125 0.121875
0 0.9671875 0.50625 0.065625 0.075
0 0.965625 0.953125 0.06875 0.09375