0 0.4 0.446875 0.2 0.1234375
0 0.3015625 0.5953125 0.178125 0.1
0 0.5140625 0.66875 0.1484375 0.084375
0 0.3328125 0.7546875 0.134375 0.0828125
0 0.453125 0.884375 0.1515625 0.1015625
0 0.3046875 0.83125 0.1515625 0.084375
0 0.2953125 0.48125 0.1953125 0.1109375
0 0.3328125 0.925 0.14375 0.0984375
0 0.5046875 0.775 0.1609375 0.090625
0 0.3109375 0.396875 0.1984375 0.0859375
0 0.6046875 0.415625 0.2046875 0.096875
0 0.553125 0.484375 0.1828125 0.08125
0 0.3125 0.6640625 0.1453125 0.0703125
0 0.3 0.90625 0.134375 0.0765625