0 0.228125 0.0421875 0.225 0.084375
0 0.0984375 0.2078125 0.196875 0.115625
0 0.2671875 0.3640625 0.16875 0.109375
0 0.0890625 0.1078125 0.178125 0.115625
0 0.115625 0.4203125 0.171875 0.1125
0 0.1578125 0.3140625 0.1796875 0.1265625
0 0.271875 0.2609375 0.0953125 0.078125
0 0.071875 0.04375 0.14375 0.075
0 0.1484375 0.6421875 0.19375 0.1203125
0 0.2265625 0.534375 0.215625 0.1125
0 0.1453125 0.76875 0.2140625 0.14375
0 0.3375 0.7296875 0.2078125 0.1546875
0 0.4515625 0.5828125 0.2359375 0.1265625
0 0.9171875 0.8390625 0.165625 0.121875
0 0.9203125 0.525 0.159375 0.09375
0 0.89375 0.9484375 0.18125 0.103125
0 0.9015625 0.7265625 0.196875 0.115625
0 0.9734375 0.59375 0.053125 0.09375
0 0.84375 0.6125 0.2578125 0.11875