0 0.4125 0.2640625 0.2484375 0.134375
0 0.5375 0.171875 0.2453125 0.153125
0 0.40625 0.6109375 0.1609375 0.1015625
0 0.3890625 0.434375 0.2375 0.1203125
0 0.5859375 0.634375 0.1625 0.0921875
0 0.359375 0.159375 0.1828125 0.10625
0 0.36875 0.70625 0.16875 0.09375
0 0.5625 0.7609375 0.171875 0.1171875
0 0.3578125 0.5125 0.1765625 0.1015625
0 0.6328125 0.2828125 0.1796875 0.1078125
0 0.578125 0.509375 0.165625 0.0890625
0 0.63125 0.0875 0.2375 0.1140625
0 0.421875 0.815625 0.1484375 0.10625
0 0.35625 0.7984375 0.15 0.0859375
0 0.775 0.1625 0.259375 0.128125