0 0.0296875 0.2125 0.059375 0.10625
0 0.271875 0.1109375 0.2125 0.1234375
0 0.0265625 0.3734375 0.053125 0.121875
0 0.0546875 0.0890625 0.109375 0.134375
0 0.1796875 0.221875 0.175 0.1265625
0 0.3359375 0.0390625 0.209375 0.078125
0 0.175 0.3078125 0.178125 0.1125
0 0.121875 0.415625 0.1578125 0.1171875
0 0.6265625 0.465625 0.134375 0.10625
0 0.675 0.16875 0.23125 0.19375
0 0.6421875 0.5875 0.165625 0.08125
0 0.775 0.1046875 0.28125 0.1296875
0 0.471875 0.659375 0.175 0.0625
0 0.5140625 0.9359375 0.090625 0.128125
0 0.3484375 0.9859375 0.153125 0.028125
0 0.5109375 0.8578125 0.096875 0.103125
0 0.446875 0.934375 0.146875 0.0984375
0 0.6171875 0.9234375 0.115625 0.109375