0 0.053125 0.440625 0.10625 0.075
0 0.203125 0.2375 0.2296875 0.1703125
0 0.0640625 0.353125 0.128125 0.14375
0 0.334375 0.05625 0.23125 0.1125
0 0.1390625 0.965625 0.196875 0.06875
0 0.184375 0.86875 0.16875 0.1140625
0 0.38125 0.7578125 0.1375 0.103125
0 0.38125 0.9 0.1375 0.10625
0 0.1359375 0.6515625 0.2640625 0.1390625
0 0.16875 0.503125 0.275 0.05
0 0.1515625 0.753125 0.1953125 0.115625
0 0.3796875 0.515625 0.140625 0.075
0 0.6265625 0.6984375 0.2 0.1140625
0 0.7625 0.58125 0.1921875 0.13125
0 0.5234375 0.9078125 0.146875 0.096875
0 0.6234375 0.7890625 0.184375 0.11875
0 0.6375 0.95 0.15 0.1
0 0.6875 0.8578125 0.1609375 0.1125
0 0.509375 0.75 0.11875 0.0875
0 0.5125 0.65625 0.125 0.1