0 0.29375 0.4796875 0.20625 0.078125
0 0.503125 0.3 0.2078125 0.15
0 0.4953125 0.4984375 0.203125 0.040625
0 0.5640625 0.0453125 0.090625 0.090625
0 0.5265625 0.159375 0.165625 0.14375
0 0.253125 0.14375 0.2640625 0.1375
0 0.3421875 0.378125 0.196875 0.1171875
0 0.2546875 0.2984375 0.2375 0.1203125
0 0.5140625 0.4109375 0.190625 0.153125
0 0.6921875 0.4640625 0.165625 0.109375
0 0.6859375 0.04375 0.153125 0.0875
0 0.70625 0.3859375 0.1796875 0.1296875
0 0.646875 0.2703125 0.075 0.109375
0 0.3578125 0.584375 0.246875 0.13125
0 0.4828125 0.5421875 0.246875 0.046875
0 0.353125 0.9296875 0.1609375 0.1015625
0 0.3359375 0.753125 0.2375 0.1203125
0 0.5296875 0.9515625 0.159375 0.090625
0 0.315625 0.9890625 0.16875 0.021875
0 0.3046875 0.83125 0.1765625 0.1015625
0 0.5484375 0.6 0.121875 0.10625
0 0.525 0.828125 0.165625 0.0890625
0 0.6640625 0.7359375 0.109375 0.134375
0 0.63125 0.94375 0.04375 0.10625
0 0.740625 0.6125 0.259375 0.1265625