0 0.05 0.5703125 0.1 0.096875
0 0.2921875 0.4984375 0.178125 0.1296875
0 0.1609375 0.6109375 0.196875 0.096875
0 0.096875 0.234375 0.16875 0.0984375
0 0.0625 0.359375 0.125 0.10625
0 0.35 0.28125 0.2421875 0.1046875
0 0.2234375 0.1390625 0.1578125 0.1421875
0 0.378125 0.3390625 0.1953125 0.09375
0 0.0703125 0.6375 0.140625 0.04375
0 0.559375 0.140625 0.1625 0.13125
0 0.5140625 0.415625 0.071875 0.1125
0 0.6828125 0.015625 0.228125 0.03125
0 0.896875 0.96875 0.2 0.0625
0 0.7703125 0.921875 0.2046875 0.1359375
0 0.6375 0.69375 0.30625 0.06875
0 0.71875 0.7984375 0.2203125 0.125
0 0.91875 0.9125 0.1625 0.13125
0 0.8484375 0.7984375 0.1203125 0.109375