0 0.090625 0.321875 0.18125 0.05625
0 0.1359375 0.084375 0.2578125 0.1515625
0 0.0203125 0.1734375 0.040625 0.128125
0 0.3625 0.11875 0.2203125 0.1453125
0 0.271875 0.1875 0.26875 0.140625
0 0.9421875 0.2171875 0.115625 0.096875
0 0.971875 0.3125 0.05625 0.075
0 0.9 0.1296875 0.2 0.115625
0 0.2703125 0.95625 0.209375 0.0875
0 0.221875 0.3796875 0.2125 0.059375
0 0.1296875 0.49375 0.259375 0.175
0 0.403125 0.696875 0.23125 0.1625
0 0.340625 0.846875 0.2515625 0.14375
0 0.0765625 0.83125 0.153125 0.1375
0 0.0703125 0.9625 0.140625 0.075
0 0.453125 0.5234375 0.13125 0.128125
0 0.8015625 0.934375 0.1734375 0.1109375
0 0.925 0.9875 0.15 0.025
0 0.7875 0.6421875 0.215625 0.11875
0 0.8125 0.4265625 0.25625 0.153125
0 0.8671875 0.8375 0.184375 0.1
0 0.74375 0.4984375 0.2796875 0.1328125
0 0.74375 0.3875 0.2 0.075
0 0.85625 0.7140625 0.1953125 0.1109375