0 0.553125 0.153125 0.1734375 0.1
0 0.4140625 0.2265625 0.2078125 0.134375
0 0.359375 0.253125 0.1890625 0.1234375
0 0.621875 0.26875 0.1734375 0.1109375
0 0.478125 0.328125 0.1359375 0.1109375
0 0.571875 0.378125 0.2046875 0.1109375
0 0.571875 0.46875 0.1984375 0.1015625
0 0.6640625 0.5875 0.2265625 0.1109375
0 0.490625 0.6203125 0.184375 0.1296875
0 0.3875 0.7265625 0.190625 0.1109375
0 0.3765625 0.78125 0.1625 0.0921875
0 0.428125 0.8890625 0.1734375 0.1296875
0 0.575 0.875 0.1578125 0.109375
0 0.5734375 0.7640625 0.1515625 0.1109375
0 0.59375 0.690625 0.16875 0.1078125