0 0.153125 0.415625 0.1875 0.04375
0 0.171875 0.2546875 0.265625 0.1390625
0 0.271875 0.0765625 0.19375 0.153125
0 0.1578125 0.01875 0.259375 0.0375
0 0.1078125 0.3421875 0.215625 0.115625
0 0.3109375 0.4171875 0.115625 0.040625
0 0.803125 0.14375 0.196875 0.11875
0 0.734375 0.25625 0.190625 0.1171875
0 0.7671875 0.0390625 0.196875 0.078125
0 0.903125 0.3578125 0.19375 0.159375
0 0.725 0.3734375 0.225 0.128125
0 0.95625 0.203125 0.0875 0.125
0 0.9609375 0.0453125 0.078125 0.090625
0 0.1703125 0.821875 0.2234375 0.1421875
0 0.1140625 0.93125 0.196875 0.1375
0 0.1375 0.975 0.19375 0.05
0 0.046875 0.4984375 0.09375 0.121875
0 0.2671875 0.6703125 0.203125 0.153125
0 0.296875 0.4875 0.14375 0.1
0 0.034375 0.9578125 0.06875 0.084375
0 0.5234375 0.5453125 0.215625 0.1421875
0 0.4765625 0.8171875 0.215625 0.146875
0 0.7640625 0.5828125 0.2140625 0.1359375
0 0.440625 0.640625 0.14375 0.1125
0 0.4078125 0.9015625 0.078125 0.128125
0 0.6625 0.640625 0.2328125 0.1234375