0 0.084375 0.025 0.16875 0.05
0 0.0921875 0.284375 0.184375 0.16875
0 0.2203125 0.0890625 0.2515625 0.1546875
0 0.040625 0.0953125 0.08125 0.121875
0 0.0484375 0.48125 0.096875 0.075
0 0.3578125 0.0421875 0.240625 0.084375
0 0.090625 0.465625 0.1359375 0.0984375
0 0.5546875 0.465625 0.153125 0.10625
0 0.728125 0.246875 0.2296875 0.1703125
0 0.565625 0.3625 0.175 0.14375
0 0.53125 0.0484375 0.10625 0.096875
0 0.871875 0.0609375 0.25625 0.121875
0 0.4046875 0.91875 0.146875 0.11875
0 0.4390625 0.6703125 0.078125 0.134375
0 0.3140625 0.6078125 0.2953125 0.1578125
0 0.4296875 0.54375 0.096875 0.05
0 0.359375 0.746875 0.2109375 0.115625
0 0.75 0.7515625 0.215625 0.11875
0 0.775 0.565625 0.25625 0.09375
0 0.8296875 0.946875 0.184375 0.1
0 0.70625 0.6078125 0.2796875 0.1328125
0 0.9765625 0.8578125 0.046875 0.109375
0 0.81875 0.8234375 0.1953125 0.1109375