0 0.2046875 0.4859375 0.2375 0.140625
0 0.2203125 0.2171875 0.23125 0.1390625
0 0.1859375 0.7671875 0.1828125 0.115625
0 0.1046875 0.56875 0.20625 0.1109375
0 0.35625 0.325 0.228125 0.1234375
0 0.35 0.75 0.15625 0.0984375
0 0.1578125 0.6734375 0.2015625 0.1078125
0 0.3109375 0.64375 0.1453125 0.0921875
0 0.3 0.8421875 0.165625 0.103125
0 0.146875 0.8625 0.16875 0.1109375
0 0.5265625 0.253125 0.215625 0.1484375
0 0.371875 0.1109375 0.2 0.084375
0 0.465625 0.2046875 0.23125 0.103125
0 0.225 0.3125 0.146875 0.084375