0 0.0671875 0.5234375 0.134375 0.109375
0 0.140625 0.0421875 0.28125 0.084375
0 0.053125 0.3796875 0.10625 0.103125
0 0.0625 0.13125 0.125 0.11875
0 0.046875 0.690625 0.09375 0.1
0 0.1078125 0.609375 0.165625 0.0625
0 0.0359375 0.915625 0.071875 0.075
0 0.040625 0.8625 0.08125 0.075
0 0.0296875 0.796875 0.059375 0.06875
0 0.1453125 0.840625 0.1296875 0.0703125
0 0.090625 0.7703125 0.115625 0.0671875
0 0.1046875 0.9140625 0.11875 0.0765625
0 0.446875 0.9921875 0.15625 0.015625
0 0.5078125 0.940625 0.1875 0.1140625
0 0.5546875 0.6703125 0.178125 0.1296875
0 0.4359375 0.7921875 0.171875 0.115625
0 0.3890625 0.965625 0.078125 0.06875
0 0.434375 0.8734375 0.16875 0.1125
0 0.3765625 0.83125 0.053125 0.0875