0 0.059375 0.159375 0.11875 0.175
0 0.55 0.375 0.20625 0.125
0 0.5765625 0.0765625 0.2015625 0.11875
0 0.6390625 0.24375 0.2203125 0.1265625
0 0.70625 0.196875 0.246875 0.1015625
0 0.63125 0.3125 0.196875 0.1046875
0 0.2453125 0.540625 0.2921875 0.1765625
0 0.0546875 0.965625 0.109375 0.06875
0 0.334375 0.6609375 0.1875 0.146875
0 0.184375 0.88125 0.2625 0.1765625
0 0.109375 0.490625 0.11875 0.096875
0 0.025 0.6421875 0.05 0.109375
0 0.3078125 0.575 0.240625 0.1375
0 0.459375 0.746875 0.0625 0.1375
0 0.5828125 0.84375 0.1546875 0.1
0 0.690625 0.496875 0.2375 0.11875
0 0.509375 0.5484375 0.1625 0.159375
0 0.459375 0.959375 0.0625 0.08125
0 0.6078125 0.9625 0.171875 0.075