0 0.1953125 0.2859375 0.2125 0.1421875
0 0.225 0.1609375 0.2546875 0.1453125
0 0.2375 0.390625 0.1953125 0.15625
0 0.346875 0.053125 0.18125 0.10625
0 0.0546875 0.45625 0.109375 0.13125
0 0.159375 0.515625 0.19375 0.1484375
0 0.0546875 0.1234375 0.109375 0.121875
0 0.0546875 0.2515625 0.109375 0.115625
0 0.890625 0.4421875 0.215625 0.11875
0 0.89375 0.2234375 0.2125 0.159375
0 0.9390625 0.6125 0.121875 0.05
0 0.846875 0.2984375 0.2796875 0.1328125
0 0.846875 0.1765625 0.2 0.1
0 0.9296875 0.5125 0.140625 0.1125
0 0.090625 0.965625 0.15625 0.06875
0 0.05 0.865625 0.1 0.13125
0 0.778125 0.884375 0.2078125 0.1390625
0 0.6625 0.9640625 0.19375 0.071875
0 0.925 0.853125 0.15 0.11875
0 0.865625 0.9453125 0.175 0.109375
0 0.9140625 0.7203125 0.171875 0.134375