0 0.65625 0.79375 0.190625 0.1328125
0 0.5125 0.496875 0.1984375 0.0984375
0 0.553125 0.603125 0.1625 0.096875
0 0.4296875 0.4078125 0.203125 0.115625
0 0.7546875 0.6578125 0.234375 0.115625
0 0.5203125 0.7 0.1578125 0.1078125
0 0.7265625 0.50625 0.2046875 0.0984375
0 0.33125 0.228125 0.2734375 0.128125
0 0.3359375 0.1234375 0.2625 0.1546875
0 0.5171875 0.8140625 0.1703125 0.128125
0 0.6734375 0.071875 0.2484375 0.14375
0 0.55625 0.028125 0.1890625 0.0546875
0 0.709375 0.2515625 0.2359375 0.128125