0 0.2375 0.525 0.2 0.1390625
0 0.3171875 0.059375 0.278125 0.11875
0 0.284375 0.4 0.2203125 0.1375
0 0.1484375 0.1453125 0.296875 0.153125
0 0.4296875 0.340625 0.13125 0.0953125
0 0.20625 0.278125 0.234375 0.1421875
0 0.415625 0.4609375 0.1875 0.134375
0 0.2765625 0.225 0.2171875 0.09375
0 0.5734375 0.546875 0.128125 0.10625
0 0.59375 0.4 0.16875 0.11875
0 0.575 0.109375 0.13125 0.1375
0 0.40625 0.7578125 0.20625 0.159375
0 0.359375 0.8609375 0.2625 0.1265625
0 0.434375 0.9546875 0.15 0.090625
0 0.8953125 0.815625 0.209375 0.14375