0 0.2796875 0.428125 0.2234375 0.1421875
0 0.2234375 0.5234375 0.196875 0.109375
0 0.1015625 0.090625 0.203125 0.15
0 0.0609375 0.3921875 0.121875 0.134375
0 0.0578125 0.5125 0.115625 0.11875
0 0.3890625 0.278125 0.228125 0.153125
0 0.4546875 0.0921875 0.2390625 0.1078125
0 0.4921875 0.03125 0.171875 0.0625
0 0.0921875 0.55 0.171875 0.05625
0 0.85625 0.0625 0.20625 0.125
0 0.803125 0.084375 0.1890625 0.1234375
0 0.921875 0.159375 0.1359375 0.1109375
0 0.95625 0.2078125 0.0875 0.109375
0 0.9578125 0.2984375 0.084375 0.103125
0 0.9203125 0.45 0.159375 0.13125
0 0.8296875 0.5390625 0.190625 0.078125
0 0.9765625 0.5203125 0.046875 0.109375
0 0.1375 0.9515625 0.21875 0.096875
0 0.0609375 0.6328125 0.121875 0.109375
0 0.2703125 0.6046875 0.253125 0.053125
0 0.275 0.8046875 0.2515625 0.1109375
0 0.315625 0.7140625 0.2875 0.125
0 0.6 0.9546875 0.04375 0.090625
0 0.60625 0.8484375 0.05625 0.146875
0 0.709375 0.725 0.2625 0.1765625
0 0.65625 0.9828125 0.15625 0.034375