0 0.328125 0.2 0.1921875 0.0984375
0 0.359375 0.10625 0.1953125 0.1046875
0 0.4875 0.2109375 0.08125 0.121875
0 0.353125 0.3109375 0.16875 0.053125
0 0.4921875 0.2828125 0.071875 0.109375
0 0.6078125 0.0390625 0.159375 0.078125
0 0.5984375 0.275 0.140625 0.11875
0 0.7171875 0.234375 0.153125 0.096875
0 0.575 0.1828125 0.09375 0.103125
0 0.6953125 0.309375 0.171875 0.05625
0 0.6296875 0.134375 0.165625 0.0890625
0 0.0765625 0.4640625 0.153125 0.184375
0 0.171875 0.940625 0.20625 0.11875
0 0.2734375 0.421875 0.3015625 0.15
0 0.15625 0.79375 0.184375 0.103125
0 0.1671875 0.54375 0.2 0.11875
0 0.859375 0.8 0.2078125 0.1390625
0 0.7453125 0.9125 0.1953125 0.134375
0 0.934375 0.4796875 0.13125 0.146875
0 0.8171875 0.3515625 0.290625 0.028125
0 0.8640625 0.3828125 0.2015625 0.0796875
0 0.965625 0.76875 0.06875 0.11875
0 0.9296875 0.8671875 0.140625 0.121875
0 0.9546875 0.6359375 0.090625 0.134375
0 0.678125 0.953125 0.19375 0.09375