0 0.2140625 0.1875 0.1921875 0.115625
0 0.365625 0.434375 0.2 0.03125
0 0.44375 0.3296875 0.2125 0.109375
0 0.1125 0.3265625 0.225 0.134375
0 0.44375 0.2609375 0.2125 0.121875
0 0.3828125 0.1 0.228125 0.140625
0 0.684375 0.334375 0.234375 0.171875
0 0.746875 0.0515625 0.30625 0.103125
0 0.8640625 0.1125 0.271875 0.14375
0 0.928125 0.046875 0.14375 0.09375
0 0.3109375 0.5015625 0.209375 0.103125
0 0.2578125 0.828125 0.2015625 0.159375
0 0.2421875 0.95625 0.190625 0.0875
0 0.1109375 0.8796875 0.1921875 0.140625
0 0.3859375 0.690625 0.271875 0.15
0 0.428125 0.609375 0.24375 0.10625
0 0.878125 0.86875 0.2078125 0.11875
0 0.9203125 0.6203125 0.159375 0.134375
0 0.7546875 0.5578125 0.2953125 0.1578125
0 0.9421875 0.7453125 0.115625 0.146875
0 0.9109375 0.484375 0.178125 0.06875
0 0.8 0.696875 0.2109375 0.115625
0 0.9359375 0.965625 0.128125 0.06875