0 0.4609375 0.74375 0.1421875 0.1046875
0 0.528125 0.65 0.16875 0.1015625
0 0.6828125 0.7046875 0.2109375 0.1140625
0 0.6375 0.1890625 0.209375 0.1359375
0 0.571875 0.834375 0.178125 0.1390625
0 0.440625 0.8484375 0.1671875 0.1171875
0 0.334375 0.303125 0.240625 0.11875
0 0.3578125 0.2328125 0.228125 0.146875
0 0.4328125 0.4515625 0.171875 0.1015625
0 0.5359375 0.5453125 0.1765625 0.0984375
0 0.7140625 0.3234375 0.2328125 0.11875
0 0.709375 0.571875 0.2125 0.1015625
0 0.6421875 0.8546875 0.171875 0.103125