0 0.0546875 0.084375 0.109375 0.13125
0 0.2234375 0.215625 0.1890625 0.140625
0 0.290625 0.0953125 0.2296875 0.1296875
0 0.0484375 0.2109375 0.096875 0.121875
0 0.2046875 0.3921875 0.178125 0.053125
0 0.059375 0.38125 0.11875 0.075
0 0.2390625 0.309375 0.19375 0.1265625
0 0.0734375 0.2734375 0.146875 0.109375
0 0.653125 0.346875 0.2 0.1390625
0 0.7 0.221875 0.2203125 0.1375
0 0.590625 0.021875 0.24375 0.04375
0 0.8453125 0.1625 0.13125 0.0953125
0 0.621875 0.1 0.234375 0.1421875
0 0.8359375 0.284375 0.196875 0.1359375
0 0.6921875 0.046875 0.2171875 0.09375
0 0.359375 0.6515625 0.19375 0.128125
0 0.203125 0.840625 0.1671875 0.096875
0 0.1078125 0.696875 0.2125 0.1421875
0 0.3953125 0.76875 0.146875 0.10625
0 0.3375 0.9765625 0.2125 0.046875
0 0.2078125 0.6359375 0.146875 0.090625
0 0.3171875 0.934375 0.16875 0.0828125
0 0.8453125 0.684375 0.196875 0.121875
0 0.846875 0.5640625 0.1984375 0.1234375
0 0.978125 0.7046875 0.04375 0.115625
0 0.95 0.4609375 0.1 0.084375
0 0.7765625 0.4578125 0.234375 0.078125
0 0.9734375 0.5859375 0.053125 0.096875
0 0.9328125 0.7734375 0.134375 0.128125
0 0.8140625 0.8046875 0.1765625 0.109375