0 0.315625 0.70625 0.2125 0.0875
0 0.2 0.6328125 0.1625 0.0984375
0 0.3921875 0.5796875 0.2234375 0.1171875
0 0.1265625 0.4203125 0.2046875 0.1
0 0.2265625 0.5140625 0.184375 0.0875
0 0.4578125 0.3140625 0.265625 0.14375
0 0.0984375 0.7078125 0.134375 0.084375
0 0.3796875 0.1765625 0.23125 0.15
0 0.10625 0.19375 0.2125 0.15625
0 0.0828125 0.259375 0.165625 0.11875
0 0.3734375 0.0484375 0.228125 0.096875
0 0.7484375 0.6296875 0.078125 0.103125
0 0.7890625 0.5359375 0.159375 0.103125
0 0.915625 0.590625 0.16875 0.1125
0 0.89375 0.0765625 0.209375 0.1359375
0 0.8265625 0.7 0.178125 0.1
0 0.74375 0.7125 0.06875 0.075
0 0.7421875 0.3375 0.065625 0.1
0 0.79375 0.43125 0.16875 0.1
0 0.9265625 0.209375 0.146875 0.11875
0 0.9296875 0.4578125 0.140625 0.103125
0 0.8984375 0.7203125 0.171875 0.059375
0 0.8703125 0.9203125 0.234375 0.159375