0 0.3859375 0.0578125 0.128125 0.115625
0 0.14375 0.1734375 0.2171875 0.1296875
0 0.36875 0.175 0.1625 0.13125
0 0.30625 0.25 0.175 0.075
0 0.0859375 0.253125 0.171875 0.06875
0 0.796875 0.246875 0.2125 0.08125
0 0.8859375 0.1609375 0.228125 0.165625
0 0.971875 0.2125 0.05625 0.1375
0 0.078125 0.8453125 0.15625 0.140625
0 0.034375 0.3640625 0.06875 0.134375
0 0.0453125 0.940625 0.090625 0.11875
0 0.175 0.70625 0.234375 0.159375
0 0.3 0.403125 0.3 0.15625
0 0.28125 0.503125 0.2484375 0.1203125
0 0.9515625 0.359375 0.096875 0.1125
0 0.68125 0.3453125 0.25625 0.115625
0 0.71875 0.5046875 0.20625 0.121875
0 0.9453125 0.58125 0.109375 0.0875
0 0.746875 0.5890625 0.1703125 0.0921875
0 0.790625 0.690625 0.13125 0.09375
0 0.9515625 0.7203125 0.096875 0.096875
0 0.9328125 0.8453125 0.134375 0.121875
0 0.803125 0.8984375 0.1796875 0.1125
0 0.7703125 0.7890625 0.184375 0.0953125