0 0.3203125 0.23125 0.209375 0.09375
0 0.3578125 0.0421875 0.190625 0.084375
0 0.5453125 0.0578125 0.046875 0.115625
0 0.4765625 0.1125 0.184375 0.10625
0 0.5140625 0.028125 0.109375 0.05625
0 0.3734375 0.1015625 0.1421875 0.0859375
0 0.6203125 0.0890625 0.103125 0.103125
0 0.68125 0.0296875 0.15 0.059375
0 0.8140625 0.090625 0.1890625 0.1125
0 0.665625 0.1984375 0.178125 0.1328125
0 0.1640625 0.6578125 0.2265625 0.1640625
0 0.065625 0.8609375 0.13125 0.115625
0 0.2 0.98125 0.16875 0.0375
0 0.05625 0.7609375 0.1125 0.115625
0 0.2296875 0.365625 0.2578125 0.1515625
0 0.090625 0.9515625 0.18125 0.096875
0 0.20625 0.9140625 0.0953125 0.078125
0 0.0671875 0.4546875 0.134375 0.128125
0 0.45625 0.4 0.2203125 0.1453125
0 0.0390625 0.696875 0.078125 0.075
0 0.365625 0.46875 0.26875 0.140625
0 0.9625 0.4328125 0.075 0.121875
0 0.83125 0.5 0.1828125 0.121875
0 0.9515625 0.6640625 0.096875 0.128125
0 0.83125 0.7421875 0.2171875 0.1
0 0.7796875 0.69375 0.2046875 0.075
0 0.83125 0.8328125 0.1671875 0.0921875
0 0.8703125 0.9171875 0.14375 0.096875
0 0.9375 0.9546875 0.125 0.090625
0 0.809375 0.975 0.15 0.05
0 0.79375 0.928125 0.1390625 0.0765625
0 0.934375 0.8703125 0.13125 0.078125