0 0.5546875 0.9421875 0.1484375 0.1109375
0 0.4546875 0.9140625 0.1609375 0.13125
0 0.4296875 0.8109375 0.1609375 0.10625
0 0.5046875 0.7375 0.15625 0.1
0 0.590625 0.3265625 0.20625 0.1265625
0 0.525 0.628125 0.178125 0.090625
0 0.3203125 0.353125 0.2265625 0.1296875
0 0.678125 0.6859375 0.2046875 0.10625
0 0.4328125 0.5484375 0.171875 0.09375
0 0.6078125 0.828125 0.196875 0.1296875
0 0.3515625 0.415625 0.215625 0.0921875
0 0.346875 0.9015625 0.1421875 0.11875
0 0.7140625 0.446875 0.2375 0.1078125
0 0.4359375 0.3265625 0.1734375 0.11875