0 0.0484375 0.2484375 0.096875 0.103125
0 0.2609375 0.10625 0.096875 0.09375
0 0.1078125 0.1734375 0.1484375 0.0953125
0 0.11875 0.0671875 0.1578125 0.0875
0 0.2265625 0.25 0.165625 0.1125
0 0.08125 0.015625 0.1625 0.03125
0 0.090625 0.3578125 0.178125 0.1328125
0 0.58125 0.2859375 0.1609375 0.115625
0 0.4453125 0.3421875 0.171875 0.1140625
0 0.5359375 0.034375 0.165625 0.06875
0 0.6734375 0.1859375 0.2109375 0.1
0 0.5578125 0.409375 0.15 0.1046875
0 0.6515625 0.115625 0.16875 0.0828125
0 0.0609375 0.515625 0.121875 0.05625
0 0.153125 0.9484375 0.225 0.103125
0 0.0390625 0.63125 0.078125 0.15
0 0.2296875 0.8171875 0.159375 0.153125
0 0.259375 0.63125 0.1 0.10625
0 0.5796875 0.778125 0.278125 0.190625
0 0.784375 0.55 0.3 0.125
0 0.434375 0.8984375 0.25 0.153125
0 0.4671875 0.9796875 0.234375 0.040625
0 0.484375 0.55625 0.23125 0.1375
0 0.5375 0.965625 0.21875 0.06875