0 0.4125 0.034375 0.21875 0.06875
0 0.228125 0.115625 0.2296875 0.1375
0 0.165625 0.0515625 0.175 0.103125
0 0.3421875 0.246875 0.2171875 0.1375
0 0.3171875 0.38125 0.228125 0.1171875
0 0.08125 0.3796875 0.1625 0.121875
0 0.0546875 0.4796875 0.109375 0.090625
0 0.209375 0.4921875 0.165625 0.1265625
0 0.2328125 0.5546875 0.159375 0.090625
0 0.4125 0.9859375 0.20625 0.028125
0 0.14375 0.6296875 0.2875 0.059375
0 0.1765625 0.98125 0.190625 0.0375
0 0.125 0.796875 0.25 0.15625
0 0.371875 0.88125 0.1765625 0.109375
0 0.11875 0.8984375 0.2375 0.115625
0 0.35625 0.63125 0.2 0.0625
0 0.8890625 0.7640625 0.221875 0.171875
0 0.9671875 0.846875 0.065625 0.1625
0 0.903125 0.6453125 0.13125 0.090625
0 0.7703125 0.7546875 0.1703125 0.14375