0 0.08125 0.146875 0.1625 0.11875
0 0.0453125 0.2578125 0.090625 0.115625
0 0.0640625 0.040625 0.128125 0.08125
0 0.175 0.3640625 0.2109375 0.1609375
0 0.05 0.3875 0.1 0.15
0 0.296875 0.20625 0.2421875 0.125
0 0.296875 0.046875 0.225 0.09375
0 0.6546875 0.3265625 0.240625 0.1453125
0 0.7953125 0.4203125 0.278125 0.1265625
0 0.328125 0.7078125 0.20625 0.1265625
0 0.2609375 0.98125 0.178125 0.0375
0 0.084375 0.7328125 0.16875 0.128125
0 0.1703125 0.9296875 0.171875 0.09375
0 0.0984375 0.7953125 0.196875 0.090625
0 0.415625 0.8265625 0.16875 0.109375
0 0.1734375 0.7078125 0.1734375 0.11875
0 0.9625 0.7484375 0.075 0.153125
0 0.6796875 0.865625 0.2390625 0.125
0 0.7421875 0.575 0.271875 0.13125
0 0.9265625 0.884375 0.146875 0.1375
0 0.6625 0.959375 0.21875 0.08125
0 0.890625 0.9609375 0.18125 0.078125
0 0.7296875 0.9890625 0.165625 0.021875