0 0.0921875 0.503125 0.184375 0.09375
0 0.171875 0.209375 0.2390625 0.1578125
0 0.09375 0.0359375 0.1875 0.071875
0 0.0609375 0.3015625 0.121875 0.134375
0 0.25625 0.49375 0.146875 0.1046875
0 0.071875 0.4078125 0.14375 0.109375
0 0.35 0.040625 0.2375 0.08125
0 0.1671875 0.3703125 0.1203125 0.0984375
0 0.590625 0.434375 0.2078125 0.1390625
0 0.5203125 0.5140625 0.103125 0.071875
0 0.71875 0.115625 0.2375 0.1484375
0 0.59375 0.028125 0.2 0.05625
0 0.790625 0.4046875 0.2546875 0.1203125
0 0.865625 0.0390625 0.20625 0.078125
0 0.678125 0.4953125 0.175 0.109375
0 0.7421875 0.271875 0.203125 0.1328125
0 0.0578125 0.8421875 0.115625 0.140625
0 0.0640625 0.5953125 0.128125 0.090625
0 0.15 0.68125 0.228125 0.1234375
0 0.103125 0.9765625 0.14375 0.046875
0 0.3203125 0.615625 0.215625 0.13125
0 0.259375 0.58125 0.23125 0.0625
0 0.0453125 0.6671875 0.090625 0.084375
0 0.684375 0.8140625 0.2078125 0.146875
0 0.5625 0.9328125 0.1875 0.128125
0 0.7703125 0.56875 0.253125 0.0375
0 0.496875 0.6328125 0.05625 0.128125
0 0.5546875 0.56875 0.171875 0.0375
0 0.803125 0.625 0.2609375 0.125