0 0.203125 0.075 0.2609375 0.146875
0 0.0765625 0.35 0.153125 0.15
0 0.1140625 0.4875 0.228125 0.1375
0 0.115625 0.1703125 0.2 0.1046875
0 0.0375 0.61875 0.075 0.1375
0 0.0578125 0.0484375 0.115625 0.096875
0 0.728125 0.371875 0.2078125 0.1390625
0 0.6296875 0.4828125 0.159375 0.134375
0 0.6265625 0.6421875 0.153125 0.128125
0 0.85625 0.0625 0.2375 0.125
0 0.7421875 0.6140625 0.1328125 0.1015625
0 0.9 0.340625 0.2 0.11875
0 0.8171875 0.4390625 0.175 0.121875
0 0.8796875 0.209375 0.203125 0.1328125
0 0.596875 0.5296875 0.09375 0.103125
0 0.034375 0.95 0.06875 0.1
0 0.0828125 0.8125 0.165625 0.10625
0 0.8203125 0.9125 0.240625 0.1546875
0 0.6828125 0.815625 0.259375 0.1125
0 0.9578125 0.840625 0.084375 0.1625