0 0.7328125 0.2203125 0.1984375 0.134375
0 0.6046875 0.1375 0.2046875 0.1359375
0 0.5578125 0.2609375 0.1953125 0.1421875
0 0.5515625 0.0375 0.221875 0.075
0 0.7625 0.1296875 0.1796875 0.1296875
0 0.68125 0.034375 0.11875 0.06875
0 0.2734375 0.5828125 0.109375 0.128125
0 0.30625 0.95 0.04375 0.1
0 0.73125 0.7515625 0.203125 0.1234375
0 0.7625 0.4359375 0.25625 0.134375
0 0.5109375 0.496875 0.2515625 0.146875
0 0.9265625 0.6015625 0.146875 0.146875
0 0.9234375 0.928125 0.153125 0.125
0 0.603125 0.5984375 0.2140625 0.103125
0 0.8953125 0.8453125 0.209375 0.078125
0 0.871875 0.959375 0.20625 0.08125