0 0.59375 0.0609375 0.2015625 0.1203125
0 0.5265625 0.453125 0.190625 0.09375
0 0.6375 0.3765625 0.125 0.153125
0 0.4546875 0.45 0.153125 0.1
0 0.634375 0.2859375 0.13125 0.103125
0 0.553125 0.3625 0.146875 0.0984375
0 0.784375 0.2984375 0.16875 0.140625
0 0.84375 0.1796875 0.2296875 0.1296875
0 0.8984375 0.05625 0.203125 0.1125
0 0.7734375 0.475 0.146875 0.05
0 0.79375 0.3921875 0.1875 0.128125
0 0.409375 0.9703125 0.24375 0.059375
0 0.3671875 0.81875 0.2109375 0.125
0 0.4953125 0.709375 0.25625 0.1546875
0 0.25625 0.540625 0.28125 0.08125
0 0.496875 0.9453125 0.2625 0.109375
0 0.13125 0.5640625 0.2125 0.128125
0 0.2546875 0.646875 0.2015625 0.1203125
0 0.4203125 0.56875 0.1859375 0.115625
0 0.7640625 0.571875 0.128125 0.1375
0 0.828125 0.8 0.1484375 0.09375
0 0.7265625 0.8140625 0.053125 0.109375
0 0.7671875 0.7 0.1203125 0.084375
0 0.775 0.8890625 0.15 0.103125