0 0.3625 0.125 0.2 0.1234375
0 0.2640625 0.2734375 0.178125 0.1
0 0.475 0.3359375 0.15 0.065625
0 0.2578125 0.159375 0.1953125 0.1109375
0 0.2734375 0.075 0.1984375 0.0859375
0 0.5671875 0.09375 0.2046875 0.096875
0 0.515625 0.1625 0.1828125 0.08125
0 0.2734375 0.3375 0.146875 0.0625
0 0.7296875 0.053125 0.103125 0.10625
0 0.703125 0.2921875 0.05 0.103125
0 0.753125 0.33125 0.15 0.075
0 0.8921875 0.2609375 0.215625 0.171875
0 0.36875 0.4203125 0.28125 0.103125
0 0.2734375 0.9203125 0.2234375 0.15
0 0.3703125 0.7640625 0.24375 0.1484375
0 0.45625 0.859375 0.2078125 0.1328125
0 0.1828125 0.9671875 0.209375 0.065625
0 0.484375 0.5875 0.221875 0.1578125
0 0.5640625 0.7328125 0.228125 0.128125
0 0.725 0.9359375 0.09375 0.103125