0 0.1578125 0.175 0.1953125 0.0875
0 0.4171875 0.1125 0.165625 0.11875
0 0.184375 0.0125 0.20625 0.025
0 0.309375 0.2125 0.1734375 0.103125
0 0.35 0.3609375 0.146875 0.1046875
0 0.190625 0.396875 0.15 0.0921875
0 0.2921875 0.2953125 0.1734375 0.1046875
0 0.296875 0.45 0.1359375 0.1046875
0 0.175 0.2578125 0.153125 0.0796875
0 0.6640625 0.2453125 0.2375 0.115625
0 0.9203125 0.21875 0.159375 0.18125
0 0.7578125 0.4296875 0.2171875 0.121875
0 0.7296875 0.03125 0.234375 0.0625
0 0.7484375 0.328125 0.26875 0.14375
0 0.80625 0.4875 0.20625 0.0625
0 0.684375 0.4890625 0.175 0.059375
0 0.0546875 0.7703125 0.109375 0.146875
0 0.1265625 0.58125 0.253125 0.125