0 0.21875 0.4375 0.18125 0.08125
0 0.2203125 0.25625 0.1765625 0.1078125
0 0.14375 0.359375 0.165625 0.1234375
0 0.375 0.346875 0.228125 0.1390625
0 0.21875 0.1390625 0.1890625 0.10625
0 0.1015625 0.053125 0.196875 0.10625
0 0.4265625 0.1921875 0.2359375 0.1171875
0 0.0796875 0.4359375 0.153125 0.084375
0 0.3265625 0.45 0.146875 0.05625
0 0.54375 0.9515625 0.06875 0.096875
0 0.5125 0.5265625 0.13125 0.096875
0 0.4640625 0.9796875 0.165625 0.040625
0 0.41875 0.9171875 0.225 0.109375
0 0.421875 0.66875 0.25625 0.1265625
0 0.8625 0.503125 0.2125 0.05
0 0.725 0.51875 0.2 0.08125