0 0.5703125 0.4265625 0.1984375 0.134375
0 0.4421875 0.34375 0.2046875 0.1359375
0 0.5125 0.01875 0.2875 0.0375
0 0.3953125 0.4671875 0.1953125 0.1421875
0 0.3109375 0.08125 0.3046875 0.1375
0 0.390625 0.2203125 0.2203125 0.125
0 0.6 0.3359375 0.1796875 0.1296875
0 0.5203125 0.2203125 0.1203125 0.109375
0 0.7734375 0.359375 0.090625 0.13125
0 0.8375 0.221875 0.21875 0.10625
0 0.828125 0.090625 0.2 0.10625
0 0.15625 0.690625 0.2125 0.10625
0 0.075 0.7921875 0.15 0.128125
0 0.0734375 0.878125 0.146875 0.1125
0 0.0421875 0.9640625 0.084375 0.071875
0 0.775 0.6796875 0.09375 0.084375