0 0.4609375 0.396875 0.184375 0.08125
0 0.478125 0.0609375 0.18125 0.121875
0 0.275 0.3640625 0.1578125 0.0875
0 0.2109375 0.0640625 0.259375 0.128125
0 0.21875 0.278125 0.2 0.1046875
0 0.4921875 0.175 0.153125 0.1125
0 0.1796875 0.13125 0.2328125 0.11875
0 0.8890625 0.046875 0.221875 0.09375
0 0.840625 0.34375 0.2640625 0.1375
0 0.1859375 0.7234375 0.2484375 0.1265625
0 0.0625 0.6609375 0.125 0.115625
0 0.0765625 0.871875 0.153125 0.15625
0 0.2296875 0.565625 0.2421875 0.11875
0 0.171875 0.8921875 0.1578125 0.11875
0 0.0640625 0.540625 0.128125 0.10625
0 0.903125 0.9671875 0.18125 0.065625
0 0.9046875 0.79375 0.1765625 0.1078125
0 0.828125 0.896875 0.165625 0.1234375
0 0.971875 0.8828125 0.05625 0.140625
0 0.903125 0.6765625 0.1890625 0.10625
0 0.6875 0.4671875 0.2375 0.059375
0 0.7875 0.5890625 0.1984375 0.1140625
0 0.7640625 0.965625 0.153125 0.06875