0 0.0890625 0.11875 0.178125 0.11875
0 0.04375 0.3546875 0.0875 0.146875
0 0.1234375 0.1859375 0.215625 0.1078125
0 0.8859375 0.05 0.228125 0.1
0 0.8015625 0.575 0.209375 0.0875
0 0.8578125 0.3609375 0.2734375 0.165625
0 0.73125 0.459375 0.24375 0.125
0 0.9640625 0.1375 0.071875 0.1625
0 0.8421875 0.1734375 0.1640625 0.1265625
0 0.921875 0.5640625 0.15625 0.109375
0 0.803125 0.6578125 0.18125 0.078125
0 0.8375 0.7953125 0.221875 0.115625
0 0.8859375 0.740625 0.21875 0.096875
0 0.8078125 0.846875 0.1765625 0.10625
0 0.6875 0.90625 0.15625 0.13125
0 0.628125 0.9328125 0.0375 0.103125
0 0.66875 0.9859375 0.11875 0.028125
0 0.70625 0.9703125 0.16875 0.059375