0 0.209375 0.1859375 0.2875 0.1609375
0 0.5125 0.096875 0.175 0.13125
0 0.2203125 0.0359375 0.253125 0.071875
0 0.459375 0.053125 0.1875 0.10625
0 0.4984375 0.16875 0.203125 0.1
0 0.4515625 0.353125 0.23125 0.15
0 0.6921875 0.1859375 0.184375 0.171875
0 0.85625 0.01875 0.2875 0.0375
0 0.28125 0.45625 0.2125 0.05625
0 0.1703125 0.5703125 0.3 0.175
0 0.4734375 0.771875 0.253125 0.1625
0 0.4 0.921875 0.2515625 0.14375
0 0.10625 0.90625 0.2125 0.1375
0 0.5234375 0.5984375 0.153125 0.128125
0 0.815625 0.96875 0.19375 0.0625
0 0.8171875 0.8140625 0.190625 0.1125
0 0.7203125 0.565625 0.2125 0.115625
0 0.73125 0.915625 0.1671875 0.1140625
0 0.9671875 0.7265625 0.065625 0.121875
0 0.9296875 0.884375 0.140625 0.125
0 0.675 0.9796875 0.15 0.040625
0 0.8375 0.690625 0.2046875 0.115625