0 0.4921875 0.3640625 0.153125 0.140625
0 0.3046875 0.0703125 0.240625 0.140625
0 0.4765625 0.0296875 0.184375 0.059375
0 0.421875 0.1671875 0.2203125 0.1328125
0 0.6125 0.4640625 0.0875 0.140625
0 0.6234375 0.15625 0.109375 0.11875
0 0.659375 0.3234375 0.18125 0.128125
0 0.6234375 0.5953125 0.109375 0.065625
0 0.6875 0.046875 0.23125 0.09375
0 0.709375 0.278125 0.246875 0.1015625
0 0.63125 0.5734375 0.125 0.096875
0 0.65 0.3921875 0.1625 0.103125
0 0.025 0.878125 0.05 0.13125
0 0.1046875 0.6703125 0.209375 0.084375
0 0.2109375 0.9484375 0.184375 0.103125
0 0.2234375 0.7 0.2 0.11875
0 0.034375 0.9515625 0.06875 0.096875