0 0.0421875 0.090625 0.084375 0.10625
0 0.19375 0.103125 0.1671875 0.1296875
0 0.2609375 0.03125 0.196875 0.0625
0 0.196875 0.18125 0.178125 0.11875
0 0.04375 0.2625 0.0875 0.125
0 0.146875 0.2921875 0.1609375 0.1296875
0 0.8671875 0.1078125 0.221875 0.15625
0 0.6515625 0.1328125 0.16875 0.1421875
0 0.7546875 0.0390625 0.228125 0.078125
0 0.3140625 0.84375 0.190625 0.15625
0 0.2984375 0.6453125 0.2125 0.121875
0 0.1140625 0.8703125 0.16875 0.1421875
0 0.21875 0.7546875 0.2265625 0.1234375
0 0.2265625 0.4015625 0.234375 0.046875
0 0.28125 0.4984375 0.1671875 0.1140625
0 0.6265625 0.6125 0.209375 0.1265625
0 0.5265625 0.68125 0.1984375 0.1
0 0.6 0.865625 0.1578125 0.0984375
0 0.6640625 0.4125 0.190625 0.06875
0 0.765625 0.859375 0.1484375 0.09375
0 0.9140625 0.428125 0.171875 0.1
0 0.7859375 0.4765625 0.1859375 0.1078125
0 0.59375 0.7703125 0.16875 0.0953125
0 0.696875 0.934375 0.15 0.1046875
0 0.725 0.7484375 0.1296875 0.0828125
0 0.575 0.946875 0.1484375 0.0921875
0 0.8546875 0.3984375 0.178125 0.040625
0 0.6796875 0.4640625 0.1421875 0.0859375