0 0.396875 0.2484375 0.2265625 0.1453125
0 0.4421875 0.7203125 0.1515625 0.1015625
0 0.503125 0.6359375 0.1578125 0.0875
0 0.584375 0.840625 0.1453125 0.10625
0 0.484375 0.8109375 0.1515625 0.1234375
0 0.3984375 0.453125 0.1796875 0.0921875
0 0.503125 0.534375 0.1671875 0.0890625
0 0.6859375 0.3359375 0.228125 0.1078125
0 0.309375 0.3109375 0.2203125 0.121875
0 0.621875 0.703125 0.1984375 0.115625
0 0.6796875 0.575 0.2015625 0.1015625
0 0.6640625 0.21875 0.2203125 0.1296875
0 0.3734375 0.8078125 0.128125 0.1078125
0 0.334375 0.196875 0.1421875 0.075