0 0.4125 0.3125 0.203125 0.153125
0 0.471875 0.1125 0.13125 0.11875
0 0.5078125 0.1875 0.059375 0.14375
0 0.48125 0.3734375 0.1125 0.128125
0 0.3734375 0.20625 0.1375 0.096875
0 0.2796875 0.3109375 0.15625 0.1296875
0 0.915625 0.121875 0.16875 0.125
0 0.95 0.0609375 0.1 0.096875
0 0.8109375 0.3078125 0.1953125 0.0984375
0 0.6625 0.253125 0.1734375 0.10625
0 0.7953125 0.2296875 0.16875 0.1375
0 0.7640625 0.35 0.1640625 0.115625
0 0.0625 0.8796875 0.125 0.140625
0 0.06875 0.609375 0.1375 0.1375
0 0.159375 0.71875 0.228125 0.1234375
0 0.3296875 0.646875 0.215625 0.1484375
0 0.175 0.5046875 0.2 0.084375
0 0.26875 0.5984375 0.23125 0.103125
0 0.05 0.7046875 0.1 0.084375
0 0.5828125 0.8890625 0.090625 0.096875
0 0.8203125 0.8171875 0.178125 0.1296875
0 0.690625 0.940625 0.196875 0.1171875
0 0.625 0.553125 0.16875 0.0984375
0 0.5953125 0.678125 0.115625 0.10625
0 0.7 0.98125 0.16875 0.0375
0 0.878125 0.6 0.2421875 0.1046875
0 0.75 0.4890625 0.15625 0.078125
0 0.903125 0.65625 0.19375 0.09375
0 0.603125 0.9671875 0.13125 0.065625