0 0.2203125 0.221875 0.1921875 0.1234375
0 0.34375 0.2796875 0.18125 0.078125
0 0.3875 0.2125 0.14375 0.1
0 0.18125 0.2984375 0.18125 0.040625
0 0.190625 0.109375 0.1984375 0.115625
0 0.296875 0.0109375 0.125 0.021875
0 0.1296875 0.0265625 0.259375 0.053125
0 0.3375 0.0984375 0.125 0.0984375
0 0.7359375 0.1171875 0.1984375 0.134375
0 0.60625 0.05 0.20625 0.1
0 0.5609375 0.1578125 0.1953125 0.1421875
0 0.7640625 0.0453125 0.178125 0.090625
0 0.328125 0.60625 0.240625 0.11875
0 0.3484375 0.5359375 0.221875 0.146875
0 0.4 0.753125 0.11875 0.1
0 0.6125 0.7578125 0.215625 0.115625
0 0.9171875 0.646875 0.165625 0.11875
0 0.684375 0.6421875 0.2140625 0.121875
0 0.8453125 0.75625 0.1640625 0.1265625
0 0.9296875 0.5328125 0.140625 0.146875
0 0.8359375 0.8375 0.165625 0.10625
0 0.6328125 0.934375 0.171875 0.125
0 0.75625 0.375 0.25 0.1125
0 0.965625 0.371875 0.06875 0.10625
0 0.78125 0.9421875 0.16875 0.115625
0 0.6390625 0.8234375 0.1703125 0.090625