0 0.090625 0.109375 0.18125 0.15625
0 0.0328125 0.4046875 0.065625 0.165625
0 0.1421875 0.2140625 0.2765625 0.1359375
0 0.7765625 0.059375 0.228125 0.11875
0 0.884375 0.30625 0.1890625 0.1125
0 0.796875 0.4125 0.1640625 0.1234375
0 0.9 0.5109375 0.2 0.153125
0 0.75 0.5234375 0.19375 0.128125
0 0.88125 0.1671875 0.20625 0.121875
0 0.9390625 0.5421875 0.121875 0.090625
0 0.2703125 0.78125 0.1953125 0.1375
0 0.0890625 0.959375 0.178125 0.08125
0 0.0859375 0.7046875 0.171875 0.153125
0 0.3515625 0.6703125 0.253125 0.140625
0 0.0609375 0.83125 0.121875 0.14375
0 0.2484375 0.953125 0.178125 0.09375
0 0.25625 0.853125 0.19375 0.109375
0 0.059375 0.8828125 0.11875 0.096875
0 0.9375 0.8828125 0.125 0.134375
0 0.8265625 0.6109375 0.196875 0.046875
0 0.86875 0.69375 0.1625 0.096875
0 0.9765625 0.7484375 0.046875 0.115625
0 0.8359375 0.790625 0.1578125 0.1078125
0 0.8328125 0.9046875 0.1703125 0.128125