0 0.128125 0.059375 0.25625 0.11875
0 0.35625 0.478125 0.125 0.08125
0 0.378125 0.2 0.08125 0.125
0 0.0875 0.1328125 0.175 0.146875
0 0.3671875 0.0421875 0.103125 0.084375
0 0.1078125 0.3296875 0.2078125 0.115625
0 0.2015625 0.459375 0.1828125 0.10625
0 0.9265625 0.3515625 0.146875 0.134375
0 0.9359375 0.4609375 0.128125 0.115625
0 0.8890625 0.0421875 0.221875 0.084375
0 0.8359375 0.31875 0.21875 0.11875
0 0.8890625 0.434375 0.221875 0.1125
0 0.2078125 0.71875 0.2 0.1296875
0 0.084375 0.8734375 0.16875 0.146875
0 0.371875 0.8921875 0.09375 0.115625
0 0.36875 0.796875 0.1 0.14375
0 0.3671875 0.625 0.103125 0.13125
0 0.83125 0.896875 0.2078125 0.11875
0 0.896875 0.6484375 0.20625 0.134375
0 0.70625 0.590625 0.29375 0.14375
0 0.91875 0.7734375 0.1625 0.146875
0 0.8875 0.5328125 0.225 0.028125
0 0.753125 0.725 0.2109375 0.115625
0 0.9125 0.9796875 0.175 0.040625