0 0.1765625 0.1609375 0.2734375 0.165625
0 0.5640625 0.090625 0.3046875 0.1578125
0 0.6203125 0.1984375 0.2796875 0.1203125
0 0.640625 0.0890625 0.3109375 0.140625
0 0.428125 0.046875 0.1734375 0.09375
0 0.4625 0.36875 0.215625 0.171875
0 0.3546875 0.4890625 0.2265625 0.125
0 0.1125 0.446875 0.2234375 0.11875
0 0.1 0.5578125 0.1984375 0.1015625
0 0.2921875 0.590625 0.2 0.1234375
0 0.315625 0.6671875 0.1828125 0.1140625
0 0.2515625 0.76875 0.171875 0.13125
0 0.096875 0.7203125 0.184375 0.1140625
0 0.1703125 0.615625 0.1203125 0.09375