0 0.434375 0.684375 0.165625 0.0984375
0 0.34375 0.2609375 0.2484375 0.1625
0 0.6078125 0.7546875 0.2078125 0.121875
0 0.3671875 0.7828125 0.1609375 0.10625
0 0.4859375 0.8828125 0.1828125 0.1421875
0 0.4390625 0.5703125 0.1765625 0.0984375
0 0.3453125 0.8921875 0.178125 0.1234375
0 0.659375 0.2234375 0.240625 0.1421875
0 0.353125 0.4859375 0.1953125 0.1140625
0 0.653125 0.6078125 0.2 0.1046875
0 0.2890625 0.3203125 0.284375 0.134375
0 0.6796875 0.3578125 0.2390625 0.11875
0 0.5375 0.8984375 0.178125 0.103125