0 0.0625 0.409375 0.125 0.1
0 0.121875 0.025 0.24375 0.05
0 0.04375 0.275 0.0875 0.09375
0 0.80625 0.3609375 0.16875 0.1015625
0 0.9734375 0.209375 0.053125 0.1125
0 0.90625 0.265625 0.1671875 0.090625
0 0.8140625 0.2015625 0.1703125 0.1
0 0.790625 0.45 0.13125 0.0375
0 0.725 0.4015625 0.1578125 0.078125
0 0.8859375 0.4359375 0.115625 0.065625
0 0.3265625 0.796875 0.184375 0.11875
0 0.265625 0.909375 0.190625 0.1171875
0 0.2984375 0.6671875 0.196875 0.13125
0 0.25625 0.98125 0.225 0.0375
0 0.2578125 0.54375 0.278125 0.15
0 0.5203125 0.7296875 0.203125 0.128125
0 0.4921875 0.8234375 0.146875 0.115625
0 0.6390625 0.6046875 0.2109375 0.1578125
0 0.5 0.8953125 0.1625 0.115625
0 0.4734375 0.971875 0.109375 0.05625