0 0.3578125 0.11875 0.2265625 0.1359375
0 0.5765625 0.4625 0.225 0.153125
0 0.2171875 0.578125 0.2390625 0.125
0 0.28125 0.2796875 0.271875 0.1515625
0 0.3859375 0.8890625 0.171875 0.1265625
0 0.2296875 0.859375 0.1921875 0.1265625
0 0.5 0.5984375 0.2171875 0.1359375
0 0.2015625 0.6859375 0.2171875 0.1078125
0 0.5515625 0.0421875 0.1484375 0.0828125
0 0.7109375 0.19375 0.28125 0.1375
0 0.4296875 0.775 0.209375 0.1203125
0 0.428125 0.6984375 0.18125 0.128125
0 0.6765625 0.275 0.2484375 0.1078125
0 0.26875 0.734375 0.165625 0.0875
0 0.584375 0.165625 0.1515625 0.1078125