0 0.43125 0.0515625 0.15625 0.103125
0 0.4640625 0.1171875 0.090625 0.109375
0 0.63125 0.2765625 0.2078125 0.146875
0 0.55625 0.3953125 0.09375 0.128125
0 0.7171875 0.025 0.253125 0.05
0 0.553125 0.503125 0.0875 0.125
0 0.578125 0.5703125 0.1375 0.078125
0 0.75 0.0875 0.2609375 0.125
0 0.159375 0.8515625 0.2171875 0.11875
0 0.0703125 0.946875 0.140625 0.10625
0 0.184375 0.7375 0.215625 0.146875
0 0.6203125 0.9265625 0.221875 0.109375
0 0.6625 0.6625 0.24375 0.10625
0 0.89375 0.85625 0.2125 0.1625
0 0.728125 0.95625 0.2625 0.0875