0 0.4828125 0.1484375 0.25 0.1640625
0 0.5 0.4640625 0.2453125 0.16875
0 0.5078125 0.7953125 0.1890625 0.128125
0 0.4765625 0.90625 0.1734375 0.125
0 0.3546875 0.56875 0.271875 0.1234375
0 0.6578125 0.2671875 0.2515625 0.1546875
0 0.428125 0.2734375 0.1859375 0.121875
0 0.4359375 0.684375 0.2015625 0.1203125
0 0.6375 0.8484375 0.1765625 0.1265625
0 0.8203125 0.1828125 0.2859375 0.1625
0 0.640625 0.746875 0.1359375 0.0953125
0 0.528125 0.64375 0.1359375 0.0984375
0 0.68125 0.1421875 0.1890625 0.11875