0 0.3234375 0.0578125 0.278125 0.115625
0 0.1515625 0.1421875 0.303125 0.153125
0 0.28125 0.2015625 0.21875 0.053125
0 0.6984375 0.05625 0.259375 0.1125
0 0.059375 0.5796875 0.11875 0.165625
0 0.296875 0.471875 0.2609375 0.146875
0 0.0453125 0.9265625 0.090625 0.146875
0 0.1359375 0.7484375 0.2265625 0.1484375
0 0.18125 0.884375 0.284375 0.1375
0 0.209375 0.5671875 0.2 0.1046875
0 0.084375 0.9734375 0.16875 0.053125
0 0.1296875 0.29375 0.259375 0.13125
0 0.1046875 0.4359375 0.209375 0.115625
0 0.9 0.2703125 0.2 0.084375
0 0.9234375 0.8671875 0.153125 0.134375
0 0.98125 0.6734375 0.0375 0.084375
0 0.86875 0.296875 0.2421875 0.1359375
0 0.85625 0.8375 0.1453125 0.1078125
0 0.9375 0.4671875 0.125 0.115625
0 0.9359375 0.753125 0.128125 0.1