0 0.240625 0.1703125 0.15625 0.153125
0 0.2 0.3078125 0.2171875 0.1359375
0 0.1296875 0.440625 0.209375 0.0375
0 0.128125 0.4015625 0.18125 0.115625
0 0.025 0.4296875 0.05 0.059375
0 0.846875 0.0703125 0.24375 0.140625
0 0.921875 0.175 0.15625 0.14375
0 0.853125 0.346875 0.2546875 0.1375
0 0.765625 0.409375 0.2125 0.1
0 0.9390625 0.39375 0.121875 0.09375
0 0.2453125 0.515625 0.146875 0.1125
0 0.2671875 0.59375 0.103125 0.09375
0 0.3 0.696875 0.0375 0.09375
0 0.29375 0.903125 0.05 0.1125
0 0.2765625 0.79375 0.084375 0.09375
0 0.925 0.809375 0.15 0.1
0 0.5875 0.9890625 0.19375 0.021875
0 0.8515625 0.95 0.171875 0.1
0 0.909375 0.7609375 0.18125 0.109375
0 0.615625 0.8203125 0.20625 0.10625
0 0.7203125 0.7078125 0.15 0.1015625