0 0.7984375 0.0453125 0.278125 0.090625
0 0.6953125 0.1109375 0.24375 0.1109375
0 0.6046875 0.040625 0.134375 0.08125
0 0.0765625 0.8703125 0.153125 0.134375
0 0.1203125 0.571875 0.240625 0.125
0 0.240625 0.26875 0.26875 0.1375
0 0.096875 0.6859375 0.19375 0.109375
0 0.465625 0.4734375 0.14375 0.153125
0 0.3125 0.70625 0.1890625 0.1359375
0 0.409375 0.60625 0.21875 0.1359375
0 0.109375 0.7515625 0.1671875 0.0953125
0 0.2921875 0.7875 0.2125 0.11875
0 0.225 0.9046875 0.175 0.125
0 0.6875 0.6484375 0.2375 0.1796875
0 0.7734375 0.3328125 0.3078125 0.171875
0 0.565625 0.8578125 0.05625 0.121875
0 0.8765625 0.4484375 0.246875 0.128125
0 0.5734375 0.75625 0.071875 0.14375
0 0.5875 0.9421875 0.1 0.115625