0 0.2265625 0.31875 0.3203125 0.159375
0 0.0359375 0.121875 0.071875 0.1625
0 0.1015625 0.271875 0.203125 0.13125
0 0.0609375 0.4015625 0.121875 0.096875
0 0.8 0.43125 0.20625 0.0375
0 0.546875 0.05 0.25625 0.1
0 0.5640625 0.4265625 0.190625 0.046875
0 0.528125 0.2375 0.21875 0.15625
0 0.759375 0.321875 0.1765625 0.109375
0 0.521875 0.3390625 0.20625 0.115625
0 0.74375 0.0515625 0.2 0.103125
0 0.303125 0.8265625 0.1578125 0.1
0 0.146875 0.953125 0.2125 0.09375
0 0.3875 0.9484375 0.0625 0.103125
0 0.384375 0.81875 0.06875 0.10625
0 0.60625 0.5890625 0.2875 0.1609375
0 0.9109375 0.5078125 0.178125 0.115625
0 0.6171875 0.4625 0.253125 0.025
0 0.85625 0.4796875 0.1875 0.059375
0 0.896875 0.571875 0.20625 0.1
0 0.8484375 0.75625 0.23125 0.15
0 0.553125 0.8890625 0.2171875 0.1296875
0 0.8140625 0.890625 0.2328125 0.13125
0 0.715625 0.9640625 0.175 0.071875
0 0.5 0.9671875 0.1625 0.065625