0 0.078125 0.2296875 0.15625 0.153125
0 0.2453125 0.1640625 0.271875 0.1953125
0 0.321875 0.096875 0.19375 0.13125
0 0.634375 0.3 0.1875 0.075
0 0.703125 0.203125 0.2015625 0.134375
0 0.8890625 0.1625 0.221875 0.1125
0 0.8296875 0.271875 0.184375 0.1171875
0 0.821875 0.046875 0.2125 0.09375
0 0.7890625 0.3046875 0.165625 0.065625
0 0.2703125 0.9390625 0.209375 0.121875
0 0.3078125 0.6140625 0.221875 0.178125
0 0.24375 0.83125 0.2328125 0.125
0 0.3984375 0.9328125 0.040625 0.109375
0 0.375 0.8078125 0.0875 0.103125
0 0.1796875 0.7109375 0.29375 0.1296875
0 0.3328125 0.3984375 0.146875 0.121875