0 0.4171875 0.375 0.121875 0.13125
0 0.4375 0.61875 0.08125 0.08125
0 0.3125 0.4171875 0.1671875 0.103125
0 0.265625 0.3234375 0.225 0.109375
0 0.365625 0.5765625 0.175 0.115625
0 0.26875 0.075 0.25625 0.1265625
0 0.4203125 0.471875 0.115625 0.11875
0 0.8375 0.509375 0.215625 0.1296875
0 0.7953125 0.6015625 0.184375 0.115625
0 0.6015625 0.5703125 0.2078125 0.1
0 0.784375 0.059375 0.19375 0.11875
0 0.596875 0.4703125 0.234375 0.1171875
0 0.9265625 0.38125 0.146875 0.15625
0 0.8203125 0.6375 0.165625 0.04375
0 0.6640625 0.1953125 0.2625 0.1359375
0 0.6875 0.6171875 0.1625 0.084375
0 0.384375 0.784375 0.1875 0.16875
0 0.2703125 0.890625 0.271875 0.1234375
0 0.35 0.971875 0.2 0.05625
0 0.4265625 0.9578125 0.103125 0.084375
0 0.5328125 0.9265625 0.109375 0.103125
0 0.7046875 0.9390625 0.178125 0.1
0 0.540625 0.73125 0.125 0.1375
0 0.6828125 0.8046875 0.1484375 0.09375
0 0.525 0.8171875 0.09375 0.103125