0 0.184375 0.1765625 0.2078125 0.146875
0 0.078125 0.2953125 0.15625 0.128125
0 0.01875 0.559375 0.0375 0.10625
0 0.075 0.403125 0.15 0.125
0 0.1171875 0.5015625 0.1703125 0.1359375
0 0.075 0.5953125 0.15 0.084375
0 0.275 0.025 0.20625 0.05
0 0.5140625 0.45625 0.1546875 0.1
0 0.6234375 0.090625 0.2375 0.1578125
0 0.45 0.1609375 0.14375 0.159375
0 0.4 0.584375 0.04375 0.10625
0 0.540625 0.5875 0.1734375 0.0984375
0 0.2109375 0.9328125 0.1875 0.128125
0 0.2765625 0.8078125 0.203125 0.134375
0 0.3453125 0.8765625 0.065625 0.115625
0 0.334375 0.66875 0.0875 0.0625
0 0.16875 0.971875 0.18125 0.05625
0 0.3296875 0.9359375 0.096875 0.115625
0 0.725 0.8921875 0.246875 0.1359375
0 0.9390625 0.8015625 0.121875 0.165625