0 0.0515625 0.309375 0.103125 0.125
0 0.1265625 0.1984375 0.253125 0.153125
0 0.071875 0.0578125 0.14375 0.115625
0 0.9390625 0.04375 0.121875 0.08125
0 0.7828125 0.046875 0.153125 0.09375
0 0.9515625 0.1625 0.096875 0.10625
0 0.7890625 0.1421875 0.1578125 0.0984375
0 0.8765625 0.240625 0.1421875 0.1
0 0.7796875 0.2296875 0.1171875 0.096875
0 0.090625 0.6796875 0.18125 0.134375
0 0.1109375 0.9 0.196875 0.1453125
0 0.08125 0.79375 0.1625 0.125
0 0.2515625 0.54375 0.2265625 0.15625
0 0.38125 0.396875 0.15625 0.0375
0 0.13125 0.9453125 0.21875 0.109375
0 0.05625 0.7625 0.1125 0.1125
0 0.821875 0.5796875 0.2078125 0.146875
0 0.6796875 0.7 0.23125 0.1265625
0 0.584375 0.9546875 0.18125 0.090625
0 0.6890625 0.8078125 0.1984375 0.1265625
0 0.534375 0.678125 0.15 0.1125
0 0.7546875 0.9046875 0.1703125 0.1359375
0 0.5609375 0.4203125 0.203125 0.084375
0 0.703125 0.978125 0.16875 0.04375
0 0.9046875 0.415625 0.190625 0.075
0 0.5453125 0.7890625 0.153125 0.1