0 0.071875 0.1921875 0.14375 0.140625
0 0.0484375 0.4734375 0.096875 0.115625
0 0.1765625 0.0453125 0.228125 0.090625
0 0.171875 0.45625 0.15625 0.0984375
0 0.0390625 0.378125 0.078125 0.10625
0 0.1328125 0.35 0.1453125 0.0921875
0 0.1203125 0.5328125 0.165625 0.071875
0 0.3484375 0.015625 0.215625 0.03125
0 0.059375 0.0296875 0.11875 0.059375
0 0.9515625 0.38125 0.096875 0.13125
0 0.859375 0.4234375 0.1671875 0.103125
0 0.8125 0.3296875 0.225 0.109375
0 0.9125 0.546875 0.175 0.04375
0 0.815625 0.08125 0.25625 0.1265625
0 0.9546875 0.478125 0.090625 0.11875
0 0.1828125 0.70625 0.2203125 0.13125
0 0.3046875 0.6140625 0.221875 0.090625
0 0.2625 0.8703125 0.20625 0.115625
0 0.196875 0.9546875 0.16875 0.090625
0 0.0546875 0.7484375 0.109375 0.103125
0 0.046875 0.6546875 0.09375 0.109375
0 0.084375 0.9078125 0.16875 0.115625
0 0.175 0.8046875 0.1890625 0.1203125
0 0.775 0.6984375 0.2484375 0.159375
0 0.7578125 0.959375 0.240625 0.08125
0 0.6734375 0.803125 0.20625 0.121875
0 0.909375 0.796875 0.18125 0.15
0 0.98125 0.7203125 0.0375 0.153125