0 0.478125 0.2875 0.18125 0.125
0 0.5453125 0.4046875 0.046875 0.121875
0 0.3890625 0.1296875 0.2359375 0.128125
0 0.5390625 0.25625 0.059375 0.0875
0 0.4484375 0.1765625 0.165625 0.0953125
0 0.696875 0.04375 0.25625 0.0875
0 0.259375 0.61875 0.215625 0.1296875
0 0.21875 0.7125 0.1859375 0.115625
0 0.0625 0.678125 0.125 0.1
0 0.0671875 0.578125 0.134375 0.11875
0 0.38125 0.534375 0.2125 0.06875
0 0.24375 0.7828125 0.1671875 0.115625
0 0.190625 0.89375 0.1625 0.1203125
0 0.065625 0.84375 0.13125 0.1125
0 0.109375 0.73125 0.1625 0.090625
0 0.8390625 0.8171875 0.253125 0.146875
0 0.7546875 0.953125 0.253125 0.09375
0 0.9703125 0.7390625 0.059375 0.165625
0 0.7390625 0.6984375 0.25625 0.1453125