0 0.1125 0.5875 0.19375 0.125
0 0.1859375 0.3375 0.2421875 0.15
0 0.1984375 0.484375 0.259375 0.1390625
0 0.2828125 0.0609375 0.278125 0.121875
0 0.1796875 0.1421875 0.24375 0.1109375
0 0.1 0.6296875 0.19375 0.040625
0 0.078125 0.05625 0.15625 0.1125
0 0.703125 0.1375 0.05 0.13125
0 0.775 0.603125 0.19375 0.09375
0 0.8703125 0.478125 0.228125 0.153125
0 0.9078125 0.290625 0.184375 0.10625
0 0.94375 0.19375 0.1125 0.1375
0 0.85625 0.04375 0.24375 0.0875
0 0.1203125 0.68125 0.209375 0.0625
0 0.1296875 0.76875 0.1875 0.1171875
0 0.2109375 0.8578125 0.1546875 0.1234375
0 0.303125 0.8875 0.1453125 0.1078125
0 0.178125 0.9515625 0.175 0.096875
0 0.1078125 0.89375 0.1546875 0.096875
0 0.7859375 0.925 0.215625 0.10625
0 0.771875 0.8078125 0.1875 0.128125