0 0.065625 0.225 0.13125 0.125
0 0.096875 0.1140625 0.19375 0.159375
0 0.7484375 0.496875 0.178125 0.08125
0 0.8625 0.209375 0.2375 0.1484375
0 0.7484375 0.046875 0.178125 0.09375
0 0.7484375 0.109375 0.178125 0.08125
0 0.903125 0.4875 0.19375 0.1
0 0.953125 0.1109375 0.09375 0.121875
0 0.8859375 0.365625 0.203125 0.1328125
0 0.553125 0.70625 0.2078125 0.1390625
0 0.4390625 0.81875 0.1953125 0.134375
0 0.440625 0.95625 0.175 0.0875
0 0.5671875 0.9484375 0.1328125 0.1015625
0 0.60625 0.7734375 0.10625 0.121875
0 0.3734375 0.865625 0.19375 0.1046875
0 0.7 0.7953125 0.08125 0.146875
0 0.715625 0.84375 0.1125 0.1125