0 0.34375 0.1765625 0.0875 0.178125
0 0.275 0.2671875 0.225 0.140625
0 0.2703125 0.15625 0.1859375 0.103125
0 0.809375 0.096875 0.2875 0.184375
0 0.6078125 0.23125 0.3046875 0.1375
0 0.6859375 0.3578125 0.221875 0.103125
0 0.815625 0.3625 0.11875 0.09375
0 0.025 0.9140625 0.05 0.140625
0 0.1234375 0.6578125 0.246875 0.196875
0 0.284375 0.45625 0.20625 0.09375
0 0.090625 0.953125 0.16875 0.09375
0 0.41875 0.69375 0.0625 0.1125
0 0.434375 0.9609375 0.09375 0.078125
0 0.4453125 0.8359375 0.115625 0.121875