0 0.2234375 0.0484375 0.215625 0.096875
0 0.175 0.2984375 0.2234375 0.146875
0 0.1234375 0.596875 0.1859375 0.1203125
0 0.08125 0.6890625 0.1625 0.096875
0 0.4625 0.065625 0.2125 0.13125
0 0.1203125 0.1234375 0.1859375 0.1125
0 0.0875 0.5 0.175 0.1125
0 0.2390625 0.6609375 0.1671875 0.1109375
0 0.25625 0.5578125 0.1234375 0.0921875
0 0.0734375 0.3828125 0.146875 0.128125
0 0.3625 0.121875 0.2328125 0.1234375
0 0.890625 0.240625 0.21875 0.13125
0 0.6796875 0.5265625 0.1921875 0.1203125
0 0.8328125 0.5796875 0.1796875 0.1390625
0 0.853125 0.3609375 0.1953125 0.125
0 0.8875 0.4578125 0.1828125 0.140625
0 0.9515625 0.1015625 0.096875 0.159375
0 0.671875 0.340625 0.1875 0.10625
0 0.675 0.2203125 0.19375 0.115625
0 0.159375 0.9015625 0.2078125 0.146875
0 0.2765625 0.75625 0.259375 0.0375
0 0.8375 0.9359375 0.21875 0.128125
0 0.925 0.8140625 0.15 0.153125
0 0.6828125 0.9640625 0.165625 0.071875
0 0.6640625 0.8859375 0.171875 0.109375
0 0.8296875 0.9875 0.190625 0.025