0 0.2625 0.1375 0.225 0.140625
0 0.2515625 0.3296875 0.184375 0.128125
0 0.2125 0.2421875 0.19375 0.1359375
0 0.0640625 0.3890625 0.128125 0.115625
0 0.0625 0.209375 0.125 0.1125
0 0.35625 0.0375 0.1625 0.075
0 0.1875 0.44375 0.171875 0.1375
0 0.0640625 0.0984375 0.128125 0.121875
0 0.546875 0.071875 0.21875 0.14375
0 0.5203125 0.4453125 0.165625 0.121875
0 0.5203125 0.325 0.165625 0.125
0 0.71875 0.46875 0.203125 0.115625
0 0.653125 0.2125 0.1828125 0.1078125
0 0.4953125 0.1953125 0.115625 0.128125
0 0.690625 0.35 0.1640625 0.0953125
0 0.61875 0.5046875 0.1875 0.065625
0 0.34375 0.778125 0.1875 0.15
0 0.303125 0.9546875 0.19375 0.090625
0 0.4078125 0.934375 0.059375 0.0875
0 0.2359375 0.8671875 0.2453125 0.1125
0 0.7609375 0.728125 0.1953125 0.1484375
0 0.7609375 0.5609375 0.190625 0.046875
0 0.675 0.63125 0.1671875 0.1140625
0 0.9015625 0.6 0.196875 0.125
0 0.609375 0.740625 0.171875 0.128125
0 0.8515625 0.7671875 0.171875 0.11875