0 0.18125 0.03125 0.18125 0.0625
0 0.15625 0.1296875 0.21875 0.1078125
0 0.0703125 0.0546875 0.140625 0.103125
0 0.0796875 0.1984375 0.159375 0.109375
0 0.10625 0.3515625 0.2125 0.115625
0 0.1515625 0.296875 0.21875 0.096875
0 0.0796875 0.384375 0.159375 0.06875
0 0.7984375 0.190625 0.1953125 0.1375
0 0.6109375 0.3734375 0.190625 0.090625
0 0.578125 0.1140625 0.2484375 0.153125
0 0.8765625 0.0796875 0.246875 0.140625
0 0.54375 0.240625 0.2125 0.14375
0 0.7765625 0.3671875 0.178125 0.103125
0 0.784375 0.2625 0.19375 0.109375
0 0.5421875 0.2921875 0.209375 0.096875
0 0.15625 0.953125 0.1875 0.09375
0 0.2375 0.659375 0.2390625 0.1578125
0 0.15 0.4703125 0.20625 0.103125
0 0.09375 0.7515625 0.1875 0.134375
0 0.321875 0.94375 0.146875 0.1046875
0 0.1109375 0.859375 0.2 0.1109375
0 0.3671875 0.475 0.140625 0.1125
0 0.2328125 0.8203125 0.1203125 0.0984375
0 0.4890625 0.5140625 0.103125 0.146875
0 0.6390625 0.5625 0.203125 0.1421875
0 0.559375 0.621875 0.24375 0.125