0 0.06875 0.034375 0.1375 0.06875
0 0.4953125 0.25 0.028125 0.09375
0 0.0265625 0.615625 0.053125 0.10625
0 0.265625 0.5171875 0.2125 0.115625
0 0.0234375 0.7765625 0.046875 0.121875
0 0.0515625 0.509375 0.103125 0.1
0 0.1734375 0.625 0.175 0.1265625
0 0.16875 0.7109375 0.178125 0.1125
0 0.115625 0.81875 0.1578125 0.1171875
0 0.69375 0.8875 0.2265625 0.1515625
0 0.93125 0.7109375 0.1375 0.134375
0 0.6359375 0.965625 0.228125 0.06875
0 0.8859375 0.953125 0.196875 0.09375
0 0.9234375 0.8671875 0.153125 0.146875
0 0.8109375 0.5953125 0.24375 0.1390625