0 0.14375 0.021875 0.2 0.04375
0 0.053125 0.1359375 0.10625 0.146875
0 0.3859375 0.1546875 0.246875 0.115625
0 0.3828125 0.065625 0.253125 0.13125
0 0.809375 0.2046875 0.24375 0.090625
0 0.696875 0.09375 0.1953125 0.10625
0 0.8515625 0.0390625 0.246875 0.078125
0 0.0578125 0.3359375 0.115625 0.115625
0 0.2171875 0.3875 0.18125 0.109375
0 0.146875 0.28125 0.15625 0.0625
0 0.190625 0.5078125 0.21875 0.1078125
0 0.0875 0.4328125 0.175 0.103125
0 0.1046875 0.578125 0.18125 0.1078125
0 0.1375 0.7296875 0.221875 0.115625
0 0.1859375 0.675 0.21875 0.096875
0 0.1078125 0.78125 0.1765625 0.10625
0 0.0328125 0.840625 0.065625 0.13125
0 0.0453125 0.9203125 0.090625 0.090625
0 0.596875 0.5140625 0.175 0.146875
0 0.5984375 0.428125 0.178125 0.1375