0 0.390625 0.2296875 0.278125 0.1609375
0 0.3875 0.865625 0.18125 0.1328125
0 0.6796875 0.6453125 0.234375 0.1203125
0 0.71875 0.209375 0.2578125 0.146875
0 0.575 0.784375 0.2109375 0.1421875
0 0.546875 0.5796875 0.1875 0.1390625
0 0.7625 0.35625 0.278125 0.1265625
0 0.5 0.671875 0.171875 0.0828125
0 0.31875 0.29375 0.2421875 0.1359375
0 0.5078125 0.896875 0.1703125 0.1328125
0 0.30625 0.834375 0.1453125 0.1078125
0 0.4296875 0.4640625 0.2078125 0.115625
0 0.4015625 0.7515625 0.1546875 0.1
0 0.646875 0.0828125 0.2296875 0.1