0 0.0921875 0.2484375 0.184375 0.140625
0 0.0984375 0.0234375 0.196875 0.046875
0 0.034375 0.3296875 0.06875 0.109375
0 0.21875 0.0875 0.228125 0.1234375
0 0.059375 0.4296875 0.11875 0.096875
0 0.1734375 0.40625 0.1453125 0.0921875
0 0.365625 0.04375 0.16875 0.0875
0 0.0875 0.075 0.146875 0.084375
0 0.8171875 0.421875 0.234375 0.1125
0 0.8125 0.146875 0.2296875 0.15
0 0.9234375 0.2515625 0.153125 0.146875
0 0.8875 0.0390625 0.1625 0.078125
0 0.3328125 0.6296875 0.234375 0.103125
0 0.425 0.9078125 0.05 0.134375
0 0.3640625 0.7046875 0.171875 0.146875
0 0.3875 0.8125 0.125 0.11875
0 0.3953125 0.9734375 0.109375 0.053125
0 0.3609375 0.915625 0.1515625 0.1140625
0 0.9109375 0.6578125 0.178125 0.140625
0 0.8265625 0.5015625 0.221875 0.046875
0 0.9515625 0.9328125 0.096875 0.134375