0 0.3421875 0.2203125 0.153125 0.128125
0 0.1765625 0.21875 0.19375 0.1234375
0 0.0375 0.2828125 0.075 0.121875
0 0.146875 0.45 0.178125 0.1265625
0 0.0453125 0.5015625 0.090625 0.053125
0 0.975 0.04375 0.05 0.0875
0 0.9375 0.1359375 0.125 0.121875
0 0.9078125 0.2546875 0.184375 0.140625
0 0.0515625 0.95 0.103125 0.09375
0 0.075 0.5765625 0.15 0.096875
0 0.0140625 0.8484375 0.028125 0.084375
0 0.2125 0.546875 0.21875 0.0375
0 0.5140625 0.81875 0.190625 0.14375
0 0.6296875 0.9140625 0.278125 0.1265625