0 0.2734375 0.040625 0.215625 0.08125
0 0.15625 0.159375 0.2828125 0.15
0 0.5609375 0.065625 0.196875 0.13125
0 0.5640625 0.1515625 0.190625 0.121875
0 0.8421875 0.1046875 0.1890625 0.128125
0 0.8109375 0.215625 0.1734375 0.125
0 0.76875 0.0265625 0.2 0.053125
0 0.940625 0.15625 0.11875 0.125
0 0.953125 0.0546875 0.09375 0.096875
0 0.24375 0.9546875 0.19375 0.090625
0 0.2453125 0.7859375 0.190625 0.1125
0 0.1484375 0.5375 0.2125 0.115625
0 0.103125 0.35 0.20625 0.1
0 0.159375 0.8875 0.1671875 0.1140625
0 0.4796875 0.7 0.2296875 0.1203125
0 0.40625 0.8578125 0.2328125 0.1265625
0 0.0921875 0.965625 0.171875 0.06875
0 0.515625 0.396875 0.2765625 0.134375
0 0.1609375 0.3078125 0.278125 0.015625
0 0.265625 0.6625 0.2046875 0.115625
0 0.3359375 0.98125 0.171875 0.0375
0 0.8609375 0.5640625 0.2234375 0.1296875
0 0.7 0.846875 0.08125 0.11875
0 0.7984375 0.9015625 0.1796875 0.1390625
0 0.81875 0.6828125 0.1953125 0.125
0 0.853125 0.7796875 0.1828125 0.140625
0 0.934375 0.4234375 0.13125 0.159375
0 0.6953125 0.6625 0.071875 0.10625
0 0.6984375 0.5421875 0.078125 0.115625