0 0.4140625 0.259375 0.2828125 0.1703125
0 0.5171875 0.9046875 0.1796875 0.1421875
0 0.5171875 0.690625 0.1765625 0.1078125
0 0.440625 0.79375 0.165625 0.1234375
0 0.671875 0.78125 0.228125 0.1390625
0 0.515625 0.5734375 0.1890625 0.10625
0 0.2890625 0.3265625 0.2625 0.1390625
0 0.74375 0.21875 0.28125 0.159375
0 0.4 0.4859375 0.1984375 0.1140625
0 0.7234375 0.6265625 0.2359375 0.1171875
0 0.3765625 0.890625 0.153125 0.1234375
0 0.7390625 0.3625 0.2734375 0.128125
0 0.625 0.9203125 0.1484375 0.1265625
0 0.6 0.08125 0.2078125 0.1625
0 0.3609375 0.19375 0.21875 0.0953125