0 0.0421875 0.2 0.084375 0.1
0 0.01875 0.078125 0.0375 0.09375
0 0.759375 0.0140625 0.24375 0.028125
0 0.5953125 0.1359375 0.2 0.15
0 0.3375 0.2 0.2171875 0.0984375
0 0.4453125 0.21875 0.209375 0.0625
0 0.0640625 0.3796875 0.128125 0.121875
0 0.0859375 0.775 0.171875 0.11875
0 0.0453125 0.8640625 0.090625 0.121875
0 0.0515625 0.9359375 0.103125 0.109375
0 0.1359375 0.659375 0.184375 0.125
0 0.1625 0.50625 0.13125 0.1125
0 0.178125 0.3734375 0.1 0.115625
0 0.6125 0.3421875 0.28125 0.16875
0 0.3125 0.7296875 0.16875 0.109375
0 0.434375 0.89375 0.2046875 0.1328125
0 0.503125 0.9609375 0.1875 0.078125
0 0.3390625 0.45 0.221875 0.1375
0 0.5703125 0.6609375 0.23125 0.1640625
0 0.3953125 0.784375 0.2640625 0.1375
0 0.74375 0.4515625 0.290625 0.1515625
0 0.3625 0.98125 0.175 0.0375
0 0.8453125 0.3484375 0.234375 0.15
0 0.58125 0.9734375 0.16875 0.053125