0 0.0640625 0.3 0.128125 0.1375
0 0.0375 0.5546875 0.075 0.103125
0 0.0875 0.5921875 0.175 0.071875
0 0.25 0.525 0.234375 0.171875
0 0.2890625 0.2109375 0.259375 0.165625
0 0.35625 0.303125 0.125 0.14375
0 0.5234375 0.525 0.1953125 0.1375
0 0.5953125 0.26875 0.2421875 0.15
0 0.6078125 0.415625 0.259375 0.1390625
0 0.6921875 0.0265625 0.278125 0.053125
0 0.5890625 0.0734375 0.24375 0.1109375
0 0.5125 0.584375 0.1875 0.0875
0 0.4921875 0.021875 0.146875 0.04375
0 0.25625 0.653125 0.2 0.05
0 0.334375 0.940625 0.16875 0.11875
0 0.109375 0.7703125 0.21875 0.146875
0 0.553125 0.6890625 0.175 0.121875
0 0.55 0.7734375 0.178125 0.1125
0 0.496875 0.8796875 0.15625 0.115625