0 0.1515625 0.2375 0.225 0.1109375
0 0.2984375 0.384375 0.203125 0.10625
0 0.4359375 0.1671875 0.23125 0.1640625
0 0.2609375 0.290625 0.2640625 0.1375
0 0.85 0.1328125 0.215625 0.115625
0 0.90625 0.0390625 0.1875 0.078125
0 0.8703125 0.309375 0.171875 0.125
0 0.9671875 0.3203125 0.065625 0.121875
0 0.8765625 0.1984375 0.1703125 0.090625
0 0.60625 0.5609375 0.20625 0.159375
0 0.6 0.8609375 0.21875 0.159375
0 0.5265625 0.665625 0.20625 0.121875
0 0.428125 0.94375 0.26875 0.1125
0 0.60625 0.9859375 0.11875 0.028125
0 0.8171875 0.6453125 0.215625 0.171875
0 0.8859375 0.953125 0.190625 0.09375
0 0.75 0.7125 0.08125 0.1375
0 0.7890625 0.871875 0.159375 0.1125
0 0.9328125 0.49375 0.134375 0.1125
0 0.775 0.5796875 0.13125 0.096875