0 0.0875 0.8375 0.1734375 0.134375
0 0.1375 0.5390625 0.2453125 0.125
0 0.2609375 0.225 0.26875 0.1609375
0 0.1078125 0.653125 0.2109375 0.1109375
0 0.5234375 0.440625 0.2203125 0.153125
0 0.4 0.0734375 0.215625 0.146875
0 0.33125 0.671875 0.1890625 0.1359375
0 0.428125 0.571875 0.21875 0.1359375
0 0.128125 0.7171875 0.1671875 0.0953125
0 0.3109375 0.753125 0.2125 0.11875
0 0.24375 0.8703125 0.175 0.125
0 0.6546875 0.0453125 0.253125 0.090625
0 0.659375 0.2640625 0.2515625 0.1109375
0 0.7 0.1734375 0.2875 0.125