0 0.2953125 0.1265625 0.128125 0.146875
0 0.296875 0.2296875 0.125 0.090625
0 0.21875 0.15 0.2140625 0.1265625
0 0.8265625 0.078125 0.228125 0.1171875
0 0.5640625 0.0765625 0.2171875 0.121875
0 0.521875 0.178125 0.1953125 0.090625
0 0.71875 0.1890625 0.165625 0.1265625
0 0.74375 0.2625 0.1578125 0.1125
0 0.5703125 0.3296875 0.171875 0.1140625
0 0.709375 0.3734375 0.153125 0.125
0 0.0578125 0.684375 0.115625 0.13125
0 0.4015625 0.7328125 0.084375 0.159375
0 0.571875 0.9359375 0.21875 0.128125
0 0.4578125 0.6375 0.196875 0.0375
0 0.709375 0.7734375 0.2515625 0.1109375
0 0.75 0.6828125 0.2875 0.125