0 0.1328125 0.053125 0.1625 0.0921875
0 0.109375 0.1796875 0.171875 0.1171875
0 0.0203125 0.225 0.040625 0.0875
0 0.85625 0.1796875 0.25625 0.178125
0 0.1265625 0.371875 0.2140625 0.153125
0 0.2609375 0.478125 0.2125 0.1578125
0 0.1234375 0.290625 0.209375 0.04375
0 0.3765625 0.409375 0.184375 0.13125
0 0.3453125 0.3125 0.196875 0.0875
0 0.1234375 0.5265625 0.1984375 0.1234375
0 0.528125 0.9296875 0.11875 0.128125
0 0.5890625 0.8203125 0.175 0.1296875
0 0.534375 0.55625 0.13125 0.1
0 0.690625 0.6828125 0.2265625 0.1078125
0 0.678125 0.5515625 0.215625 0.10625