0 0.078125 0.40625 0.15625 0.10625
0 0.1109375 0.1421875 0.178125 0.1296875
0 0.0390625 0.2640625 0.078125 0.115625
0 0.0375 0.34375 0.075 0.1125
0 0.1953125 0.0140625 0.196875 0.028125
0 0.7578125 0.1234375 0.2265625 0.1515625
0 0.6546875 0.1953125 0.2359375 0.16875
0 0.503125 0.0828125 0.24375 0.165625
0 0.4796875 0.2625 0.221875 0.14375
0 0.6921875 0.021875 0.165625 0.04375
0 0.865625 0.9375 0.25 0.125
0 0.790625 0.60625 0.2453125 0.1375
0 0.7234375 0.909375 0.21875 0.11875
0 0.9734375 0.80625 0.053125 0.15625
0 0.9640625 0.5125 0.071875 0.10625
0 0.79375 0.984375 0.25625 0.03125