0 0.1390625 0.396875 0.228125 0.04375
0 0.240625 0.3375 0.21875 0.1359375
0 0.040625 0.2125 0.08125 0.14375
0 0.0515625 0.3515625 0.103125 0.134375
0 0.18125 0.19375 0.1703125 0.115625
0 0.1078125 0.046875 0.203125 0.09375
0 0.703125 0.365625 0.20625 0.10625
0 0.86875 0.253125 0.2625 0.15
0 0.6921875 0.065625 0.209375 0.13125
0 0.65 0.1859375 0.125 0.121875
0 0.7734375 0.1171875 0.203125 0.13125
0 0.1 0.609375 0.2 0.15
0 0.0578125 0.7953125 0.115625 0.109375
0 0.075 0.8984375 0.15 0.115625
0 0.221875 0.8765625 0.1515625 0.103125
0 0.228125 0.45625 0.23125 0.075
0 0.15625 0.765625 0.121875 0.0875
0 0.0359375 0.696875 0.071875 0.1125
0 0.0546875 0.971875 0.109375 0.05625
0 0.18125 0.9546875 0.1625 0.090625
0 0.940625 0.5765625 0.11875 0.115625
0 0.8734375 0.4390625 0.253125 0.040625