0 0.30625 0.575 0.18125 0.06875
0 0.36875 0.1921875 0.18125 0.128125
0 0.371875 0.434375 0.175 0.1375
0 0.2609375 0.496875 0.2328125 0.103125
0 0.4359375 0.278125 0.046875 0.11875
0 0.41875 0.5609375 0.08125 0.084375
0 0.4296875 0.0515625 0.059375 0.103125
0 0.8578125 0.10625 0.284375 0.1875
0 0.68125 0.078125 0.2 0.134375
0 0.634375 0.58125 0.21875 0.05625
0 0.7625 0.4875 0.2546875 0.15625
0 0.775 0.284375 0.2328125 0.14375
0 0.7890625 0.5609375 0.215625 0.096875
0 0.88125 0.4265625 0.2375 0.128125
0 0.571875 0.0234375 0.225 0.046875
0 0.86875 0.01875 0.225 0.0375
0 0.2328125 0.8984375 0.2046875 0.1359375
0 0.053125 0.840625 0.10625 0.1125
0 0.06875 0.7203125 0.1375 0.115625
0 0.2734375 0.6359375 0.184375 0.053125
0 0.2796875 0.7546875 0.1953125 0.10625
0 0.0875 0.946875 0.175 0.10625
0 0.0578125 0.6359375 0.115625 0.053125
0 0.04375 0.94375 0.0875 0.1125
0 0.5125 0.84375 0.10625 0.14375
0 0.6984375 0.8828125 0.2140625 0.1359375
0 0.5953125 0.9390625 0.234375 0.121875