0 0.0796875 0.078125 0.159375 0.11875
0 0.653125 0.0375 0.1875 0.075
0 0.4328125 0.03125 0.190625 0.0625
0 0.6375 0.225 0.178125 0.1375
0 0.45625 0.2 0.190625 0.13125
0 0.6703125 0.1 0.19375 0.1265625
0 0.4890625 0.065625 0.1796875 0.109375
0 0.378125 0.6171875 0.08125 0.140625
0 0.4515625 0.4671875 0.228125 0.096875
0 0.446875 0.88125 0.15625 0.0984375
0 0.4078125 0.7734375 0.140625 0.090625
0 0.4078125 0.9609375 0.140625 0.078125
0 0.6234375 0.4375 0.215625 0.0375
0 0.365625 0.4515625 0.05625 0.065625