0 0.471875 0.615625 0.215625 0.1296875
0 0.43125 0.709375 0.1859375 0.115625
0 0.2359375 0.6765625 0.2078125 0.1
0 0.4203125 0.1625 0.1953125 0.125
0 0.23125 0.5765625 0.234375 0.1171875
0 0.5953125 0.4890625 0.2109375 0.1578125
0 0.45625 0.7796875 0.1671875 0.115625
0 0.2984375 0.3015625 0.2625 0.1359375
0 0.403125 0.890625 0.1625 0.1203125
0 0.2546875 0.840625 0.18125 0.1125
0 0.546875 0.053125 0.115625 0.10625
0 0.68125 0.0609375 0.1921875 0.1203125
0 0.7390625 0.2203125 0.26875 0.1359375
0 0.71875 0.30625 0.23125 0.109375
0 0.321875 0.728125 0.1625 0.090625