0 0.065625 0.14375 0.13125 0.1
0 0.0890625 0.0796875 0.178125 0.121875
0 0.2453125 0.2390625 0.15 0.1125
0 0.1078125 0.2578125 0.175 0.134375
0 0.28125 0.0453125 0.175 0.090625
0 0.2484375 0.1078125 0.1609375 0.109375
0 0.5609375 0.184375 0.246875 0.1625
0 0.871875 0.1640625 0.25625 0.146875
0 0.8890625 0.3109375 0.221875 0.128125
0 0.515625 0.2484375 0.15625 0.134375
0 0.584375 0.38125 0.20625 0.0375
0 0.8015625 0.04375 0.228125 0.0875
0 0.0375 0.915625 0.075 0.11875
0 0.0234375 0.7859375 0.046875 0.096875
0 0.5078125 0.6765625 0.140625 0.153125
0 0.6078125 0.784375 0.2125 0.1578125
0 0.50625 0.5484375 0.1375 0.140625
0 0.7375 0.715625 0.2078125 0.13125
0 0.69375 0.59375 0.196875 0.1421875
0 0.503125 0.83125 0.13125 0.125
0 0.6453125 0.446875 0.209375 0.09375
0 0.484375 0.4375 0.09375 0.075