0 0.328125 0.24375 0.215625 0.1296875
0 0.2875 0.3375 0.1859375 0.115625
0 0.096875 0.303125 0.19375 0.1
0 0.1015625 0.203125 0.203125 0.11875
0 0.4515625 0.1171875 0.2109375 0.1578125
0 0.3125 0.4078125 0.1671875 0.115625
0 0.259375 0.478125 0.1625 0.04375
0 0.109375 0.45625 0.18125 0.0875
0 0.178125 0.35625 0.1625 0.090625
0 0.90625 0.0578125 0.1875 0.115625
0 0.709375 0.0671875 0.1625 0.134375
0 0.353125 0.94375 0.16875 0.1015625
0 0.50625 0.9703125 0.2125 0.059375
0 0.4609375 0.525 0.209375 0.05
0 0.159375 0.596875 0.240625 0.11875
0 0.1828125 0.55 0.228125 0.1
0 0.2578125 0.7453125 0.171875 0.1015625
0 0.3609375 0.8390625 0.1765625 0.0984375
0 0.525 0.615625 0.20625 0.11875
0 0.528125 0.8640625 0.2 0.103125
0 0.9546875 0.5484375 0.090625 0.096875