0 0.328125 0.1578125 0.2265625 0.1296875
0 0.228125 0.91875 0.2 0.134375
0 0.4734375 0.646875 0.2234375 0.1421875
0 0.3890625 0.9453125 0.184375 0.109375
0 0.41875 0.7578125 0.1953125 0.1375
0 0.4421875 0.8421875 0.19375 0.1328125
0 0.2546875 0.309375 0.284375 0.15
0 0.1875 0.6125 0.2578125 0.1328125
0 0.19375 0.7328125 0.23125 0.11875
0 0.5828125 0.496875 0.228125 0.153125
0 0.6484375 0.3109375 0.2390625 0.1078125
0 0.7140625 0.2140625 0.2265625 0.1359375
0 0.2875 0.790625 0.1703125 0.0953125
0 0.5703125 0.053125 0.24375 0.10625