0 0.903125 0.0625 0.19375 0.11875
0 0.8375 0.175 0.190625 0.1171875
0 0.9546875 0.253125 0.090625 0.1125
0 0.828125 0.26875 0.225 0.08125
0 0.0453125 0.3515625 0.090625 0.084375
0 0.0453125 0.8515625 0.090625 0.128125
0 0.1484375 0.634375 0.2 0.13125
0 0.0875 0.753125 0.175 0.11875
0 0.2359375 0.48125 0.2296875 0.1078125
0 0.05 0.93125 0.1 0.11875
0 0.2453125 0.4125 0.253125 0.1234375
0 0.75 0.696875 0.2078125 0.1390625
0 0.6359375 0.809375 0.1953125 0.134375
0 0.6375 0.9515625 0.175 0.096875
0 0.878125 0.3796875 0.2375 0.140625
0 0.7640625 0.9390625 0.1328125 0.1015625
0 0.9109375 0.665625 0.178125 0.11875
0 0.8390625 0.7640625 0.175 0.121875
0 0.9 0.5328125 0.2 0.134375
0 0.5703125 0.85625 0.19375 0.1046875