0 0.028125 0.275 0.05625 0.1375
0 0.0875 0.11875 0.175 0.11875
0 0.0265625 0.384375 0.053125 0.05
0 0.2328125 0.059375 0.209375 0.11875
0 0.440625 0.25 0.2 0.1234375
0 0.384375 0.378125 0.09375 0.0625
0 0.384375 0.2828125 0.09375 0.109375
0 0.39375 0.1984375 0.1125 0.084375
0 0.6453125 0.21875 0.2046875 0.096875
0 0.59375 0.2875 0.1828125 0.08125
0 0.0359375 0.8140625 0.071875 0.103125
0 0.1421875 0.8703125 0.2109375 0.1140625
0 0.059375 0.9640625 0.11875 0.071875
0 0.040625 0.709375 0.08125 0.1
0 0.1734375 0.4890625 0.2328125 0.11875
0 0.16875 0.7375 0.2125 0.1015625
0 0.1015625 0.984375 0.171875 0.03125
0 0.76875 0.94375 0.2125 0.1125
0 0.8 0.8359375 0.2546875 0.1453125
0 0.915625 0.6921875 0.16875 0.178125
0 0.6015625 0.4765625 0.303125 0.134375
0 0.5515625 0.8 0.265625 0.1234375
0 0.5734375 0.928125 0.2234375 0.115625