0 0.2109375 0.0328125 0.184375 0.065625
0 0.21875 0.1890625 0.209375 0.1265625
0 0.2953125 0.128125 0.2265625 0.0984375
0 0.09375 0.371875 0.1875 0.1
0 0.0796875 0.29375 0.159375 0.1375
0 0.0625 0.396875 0.125 0.08125
0 0.821875 0.015625 0.225 0.03125
0 0.71875 0.05625 0.2375 0.1125
0 0.603125 0.096875 0.10625 0.14375
0 0.3359375 0.515625 0.2171875 0.1375
0 0.3109375 0.65 0.228125 0.1171875
0 0.078125 0.6484375 0.15625 0.121875
0 0.0515625 0.7484375 0.103125 0.090625
0 0.203125 0.7609375 0.165625 0.1265625
0 0.228125 0.834375 0.1578125 0.1125
0 0.0703125 0.9 0.140625 0.1125
0 0.1921875 0.940625 0.153125 0.11875
0 0.9546875 0.64375 0.090625 0.14375
0 0.765625 0.4984375 0.2625 0.121875
0 0.7984375 0.621875 0.2328125 0.1171875
0 0.9625 0.8765625 0.075 0.153125
0 0.959375 0.5125 0.08125 0.15
0 0.85 0.828125 0.2046875 0.134375
0 0.90625 0.69375 0.16875 0.103125