0 0.275 0.046875 0.25625 0.09375
0 0.23125 0.2953125 0.275 0.046875
0 0.4203125 0.13125 0.234375 0.1625
0 0.50625 0.0671875 0.0625 0.134375
0 0.2171875 0.1671875 0.1640625 0.1265625
0 0.1859375 0.8625 0.209375 0.1265625
0 0.0921875 0.93125 0.184375 0.1
0 0.225 0.640625 0.1890625 0.1171875
0 0.4625 0.6671875 0.15 0.121875
0 0.3453125 0.7265625 0.1859375 0.1078125
0 0.153125 0.9859375 0.16875 0.028125
0 0.2828125 0.978125 0.128125 0.04375
0 0.415625 0.621875 0.178125 0.0984375
0 0.2390625 0.7140625 0.1421875 0.0859375
0 0.9625 0.7046875 0.075 0.128125
0 0.94375 0.765625 0.1125 0.1