0 0.0453125 0.2109375 0.090625 0.121875
0 0.765625 0.04375 0.2875 0.0875
0 0.5875 0.015625 0.2 0.03125
0 0.6671875 0.3734375 0.253125 0.153125
0 0.68125 0.171875 0.2328125 0.14375
0 0.6953125 0.425 0.215625 0.05
0 0.8078125 0.315625 0.278125 0.1265625
0 0.6828125 0.896875 0.1421875 0.1046875
0 0.75 0.803125 0.16875 0.1015625
0 0.8984375 0.85625 0.203125 0.1125
0 0.7921875 0.9578125 0.178125 0.084375
0 0.6609375 0.9703125 0.165625 0.059375
0 0.5546875 0.4828125 0.240625 0.065625
0 0.6546875 0.6046875 0.171875 0.1015625
0 0.7578125 0.6984375 0.1765625 0.0984375
0 0.909375 0.4921875 0.18125 0.084375
0 0.9125 0.7234375 0.175 0.103125
0 0.8640625 0.978125 0.171875 0.04375