0 0.490625 0.2359375 0.19375 0.134375
0 0.3671875 0.153125 0.2046875 0.1359375
0 0.3203125 0.2765625 0.1953125 0.1421875
0 0.3140625 0.0453125 0.221875 0.090625
0 0.5109375 0.14375 0.153125 0.13125
0 0.44375 0.0421875 0.11875 0.084375
0 0.8734375 0.071875 0.234375 0.14375
0 0.8109375 0.2546875 0.1921875 0.109375
0 0.853125 0.325 0.175 0.05
0 0.9671875 0.3171875 0.065625 0.065625
0 0.9421875 0.225 0.115625 0.0875
0 0.7421875 0.1578125 0.2453125 0.1125
0 0.478125 0.7484375 0.21875 0.153125
0 0.4421875 0.8515625 0.2 0.1296875
0 0.2671875 0.9453125 0.184375 0.109375
0 0.546875 0.6078125 0.08125 0.165625
0 0.3359375 0.41875 0.278125 0.1375
0 0.25 0.7890625 0.2125 0.1078125
0 0.4765625 0.9140625 0.1734375 0.125
0 0.2390625 0.6859375 0.2515625 0.1234375
0 0.4140625 0.9765625 0.196875 0.046875
0 0.6859375 0.88125 0.196875 0.125
0 0.7859375 0.56875 0.26875 0.1609375
0 0.6625 0.9703125 0.15 0.059375
0 0.96875 0.7828125 0.0625 0.153125
0 0.9078125 0.4203125 0.184375 0.140625
0 0.8546875 0.9734375 0.190625 0.053125
0 0.921875 0.9140625 0.15625 0.134375