0 0.3765625 0.1859375 0.19375 0.1203125
0 0.4546875 0.071875 0.215625 0.125
0 0.3734375 0.3125 0.2140625 0.14375
0 0.51875 0.271875 0.11875 0.15625
0 0.9609375 0.465625 0.078125 0.125
0 0.875 0.1453125 0.25 0.146875
0 0.803125 0.496875 0.2125 0.0625
0 0.7921875 0.4171875 0.2515625 0.1234375
0 0.109375 0.7328125 0.1609375 0.1015625
0 0.1046875 0.571875 0.209375 0.0875
0 0.2890625 0.75625 0.1625 0.0921875
0 0.078125 0.828125 0.15625 0.09375
0 0.265625 0.8828125 0.171875 0.1171875
0 0.0734375 0.6328125 0.146875 0.103125
0 0.28125 0.63125 0.165625 0.0890625
0 0.125 0.9375 0.1484375 0.10625
0 0.0671875 0.91875 0.134375 0.0875
0 0.8140625 0.8546875 0.2015625 0.11875
0 0.875 0.978125 0.21875 0.04375
0 0.903125 0.725 0.19375 0.13125
0 0.909375 0.9609375 0.18125 0.078125
0 0.6921875 0.5765625 0.228125 0.096875
0 0.7015625 0.684375 0.20625 0.115625
0 0.8390625 0.609375 0.171875 0.1203125