0 0.084375 0.2203125 0.16875 0.078125
0 0.9625 0.184375 0.075 0.125
0 0.8875 0.115625 0.1734375 0.1046875
0 0.915625 0.23125 0.16875 0.05625
0 0.834375 0.0375 0.24375 0.075
0 0.3921875 0.7859375 0.215625 0.153125
0 0.4140625 0.309375 0.171875 0.1
0 0.3578125 0.8890625 0.2 0.1296875
0 0.1828125 0.9640625 0.184375 0.071875
0 0.4609375 0.6453125 0.078125 0.165625
0 0.2515625 0.4515625 0.278125 0.146875
0 0.165625 0.8265625 0.2125 0.1078125
0 0.390625 0.94375 0.175 0.1125
0 0.1546875 0.7234375 0.2515625 0.1234375