0 0.0515625 0.0625 0.103125 0.125
0 0.0953125 0.20625 0.190625 0.14375
0 0.084375 0.5 0.16875 0.1
0 0.259375 0.0453125 0.3375 0.090625
0 0.7390625 0.3734375 0.2125 0.1421875
0 0.76875 0.2484375 0.2546875 0.1453125
0 0.7796875 0.475 0.196875 0.15
0 0.9 0.1046875 0.2 0.178125
0 0.5515625 0.5140625 0.203125 0.071875
0 0.540625 0.2109375 0.225 0.121875
0 0.5421875 0.340625 0.2234375 0.115625
0 0.3890625 0.9546875 0.078125 0.090625
0 0.5578125 0.725 0.228125 0.171875
0 0.78125 0.6125 0.2625 0.125
0 0.7140625 0.80625 0.225 0.1625
0 0.56875 0.6 0.13125 0.1
0 0.4734375 0.7125 0.090625 0.14375