0 0.459375 0.5328125 0.2125 0.071875
0 0.465625 0.44375 0.20625 0.14375
0 0.2921875 0.0765625 0.303125 0.153125
0 0.2421875 0.409375 0.265625 0.1234375
0 0.2625 0.5234375 0.225 0.090625
0 0.953125 0.3890625 0.09375 0.171875
0 0.815625 0.5015625 0.2625 0.134375
0 0.7484375 0.1703125 0.2609375 0.1453125
0 0.69375 0.446875 0.240625 0.1140625
0 0.9203125 0.053125 0.159375 0.10625
0 0.1078125 0.853125 0.1765625 0.1078125
0 0.05625 0.946875 0.1125 0.10625
0 0.2609375 0.9359375 0.228125 0.128125
0 0.10625 0.7359375 0.1890625 0.10625
0 0.04375 0.646875 0.0875 0.1125
0 0.3140625 0.7890625 0.2359375 0.1171875
0 0.89375 0.7625 0.2125 0.15
0 0.840625 0.6078125 0.26875 0.078125
0 0.946875 0.6375 0.10625 0.11875