0 0.0453125 0.5375 0.090625 0.125
0 0.08125 0.384375 0.1625 0.1125
0 0.115625 0.2515625 0.23125 0.115625
0 0.7078125 0.3703125 0.1984375 0.134375
0 0.5796875 0.2875 0.2046875 0.1359375
0 0.5328125 0.4109375 0.1953125 0.1421875
0 0.446875 0.046875 0.30625 0.09375
0 0.528125 0.1640625 0.2203125 0.125
0 0.7375 0.2796875 0.1796875 0.1296875
0 0.6578125 0.1640625 0.1203125 0.109375
0 0.2203125 0.6734375 0.096875 0.071875
0 0.0765625 0.678125 0.153125 0.08125
0 0.2328125 0.7875 0.071875 0.10625
0 0.0828125 0.7671875 0.1578125 0.0984375
0 0.1703125 0.865625 0.1421875 0.1
0 0.0734375 0.8546875 0.1171875 0.096875
0 0.434375 0.8484375 0.29375 0.178125
0 0.609375 0.6765625 0.29375 0.078125
0 0.3421875 0.9390625 0.146875 0.121875
0 0.4234375 0.665625 0.146875 0.05625