0 0.44375 0.315625 0.06875 0.1
0 0.1484375 0.528125 0.1953125 0.0875
0 0.4015625 0.465625 0.153125 0.11875
0 0.428125 0.2671875 0.1 0.109375
0 0.175 0.3265625 0.20625 0.10625
0 0.2984375 0.5453125 0.171875 0.065625
0 0.2796875 0.2140625 0.15 0.1015625
0 0.5984375 0.090625 0.228125 0.1171875
0 0.525 0.2 0.09375 0.125
0 0.5359375 0.275 0.115625 0.1125
0 0.5171875 0.384375 0.078125 0.125
0 0.3796875 0.6421875 0.196875 0.128125
0 0.103125 0.978125 0.20625 0.04375
0 0.1375 0.7328125 0.24375 0.1375
0 0.3703125 0.9296875 0.215625 0.140625
0 0.4421875 0.73125 0.071875 0.15
0 0.646875 0.984375 0.1625 0.03125
0 0.8375 0.953125 0.225 0.09375
0 0.5765625 0.80625 0.196875 0.1
0 0.6734375 0.9015625 0.184375 0.0875
0 0.8859375 0.7 0.228125 0.14375
0 0.825 0.6078125 0.23125 0.059375
0 0.56875 0.61875 0.18125 0.08125
0 0.5453125 0.646875 0.134375 0.11875