0 0.065625 0.596875 0.13125 0.10625
0 0.1140625 0.3 0.228125 0.19375
0 0.2125 0.2359375 0.28125 0.1296875
0 0.765625 0.25 0.2609375 0.146875
0 0.6265625 0.525 0.178125 0.15
0 0.6640625 0.621875 0.253125 0.05625
0 0.678125 0.3453125 0.2 0.1046875
0 0.6328125 0.06875 0.190625 0.1375
0 0.6078125 0.2140625 0.140625 0.115625
0 0.9359375 0.8046875 0.128125 0.134375
0 0.96875 0.690625 0.0625 0.08125
0 0.7921875 0.7984375 0.2171875 0.1046875
0 0.85625 0.8828125 0.228125 0.1234375
0 0.9703125 0.8890625 0.059375 0.103125