0 0.2546875 0.4296875 0.234375 0.15
0 0.25 0.134375 0.2296875 0.15
0 0.190625 0.5984375 0.19375 0.078125
0 0.396875 0.2390625 0.225 0.146875
0 0.328125 0.584375 0.121875 0.0875
0 0.1234375 0.5171875 0.2453125 0.1125
0 0.325 0.0328125 0.1625 0.065625
0 0.4671875 0.1640625 0.084375 0.165625
0 0.6625 0.44375 0.2 0.146875
0 0.78125 0.0859375 0.24375 0.171875
0 0.6015625 0.5625 0.184375 0.1375
0 0.534375 0.159375 0.05 0.11875
0 0.559375 0.4671875 0.1 0.115625
0 0.60625 0.2140625 0.19375 0.146875
0 0.603125 0.3390625 0.1875 0.140625
0 0.746875 0.465625 0.1703125 0.121875
0 0.3359375 0.8734375 0.2078125 0.1546875
0 0.4734375 0.6828125 0.071875 0.090625
0 0.471875 0.90625 0.075 0.15
0 0.3828125 0.73125 0.196875 0.1171875
0 0.29375 0.6734375 0.2375 0.071875
0 0.484375 0.7640625 0.05 0.153125