0 0.4453125 0.1296875 0.128125 0.153125
0 0.43125 0.23125 0.15625 0.13125
0 0.2796875 0.3046875 0.184375 0.065625
0 0.2625 0.1703125 0.2125 0.1078125
0 0.4546875 0.284375 0.109375 0.10625
0 0.2515625 0.0671875 0.2515625 0.1234375
0 0.859375 0.1921875 0.2078125 0.146875
0 0.715625 0.2921875 0.23125 0.090625
0 0.578125 0.2859375 0.1375 0.103125
0 0.6046875 0.0375 0.190625 0.075
0 0.9234375 0.0328125 0.153125 0.065625
0 0.45625 0.703125 0.10625 0.14375
0 0.4046875 0.846875 0.2046875 0.1625
0 0.4421875 0.509375 0.134375 0.125
0 0.2890625 0.9140625 0.1984375 0.125
0 0.4171875 0.975 0.184375 0.05
0 0.446875 0.953125 0.125 0.09375
0 0.36875 0.3671875 0.2 0.059375
0 0.659375 0.946875 0.2375 0.10625
0 0.91875 0.9171875 0.1625 0.165625
0 0.94375 0.6109375 0.1125 0.171875
0 0.728125 0.6984375 0.234375 0.1421875
0 0.74375 0.98125 0.26875 0.0375