0 0.0859375 0.425 0.171875 0.0875
0 0.075 0.1984375 0.15 0.159375
0 0.2796875 0.0328125 0.209375 0.065625
0 0.3140625 0.4328125 0.228125 0.071875
0 0.246875 0.296875 0.234375 0.1140625
0 0.065625 0.3265625 0.13125 0.121875
0 0.56875 0.3453125 0.08125 0.140625
0 0.6125 0.225 0.16875 0.13125
0 0.6625 0.0796875 0.2453125 0.159375
0 0.578125 0.421875 0.1 0.09375
0 0.36875 0.8359375 0.23125 0.125
0 0.215625 0.765625 0.1734375 0.1046875
0 0.2515625 0.9125 0.184375 0.1140625
0 0.1640625 0.6640625 0.24375 0.1265625
0 0.384375 0.71875 0.1671875 0.128125
0 0.609375 0.775 0.1625 0.14375
0 0.5796875 0.58125 0.103125 0.125
0 0.6546875 0.5078125 0.253125 0.078125
0 0.6578125 0.7109375 0.259375 0.115625