0 0.2796875 0.090625 0.2015625 0.134375
0 0.103125 0.08125 0.20625 0.10625
0 0.1625 0.1671875 0.228125 0.1234375
0 0.3265625 0.175 0.1578125 0.103125
0 0.465625 0.0625 0.2203125 0.115625
0 0.178125 0.321875 0.2265625 0.1171875
0 0.3390625 0.3609375 0.159375 0.053125
0 0.159375 0.371875 0.2125 0.03125
0 0.84375 0.06875 0.240625 0.11875
0 0.8671875 0.0359375 0.228125 0.071875
0 0.928125 0.215625 0.14375 0.1
0 0.978125 0.309375 0.04375 0.1
0 0.278125 0.4609375 0.2484375 0.134375
0 0.4015625 0.415625 0.246875 0.05625
0 0.271875 0.8078125 0.1609375 0.1015625
0 0.2546875 0.63125 0.2375 0.1203125
0 0.4515625 0.83125 0.1625 0.0921875
0 0.2234375 0.3984375 0.184375 0.021875
0 0.234375 0.903125 0.16875 0.09375
0 0.4265625 0.9484375 0.171875 0.103125
0 0.2234375 0.709375 0.1765625 0.1015625
0 0.4984375 0.4796875 0.1796875 0.1078125
0 0.44375 0.70625 0.165625 0.0890625
0 0.2859375 0.9796875 0.146875 0.040625
0 0.221875 0.975 0.15 0.05
0 0.9046875 0.9046875 0.190625 0.121875
0 0.8515625 0.984375 0.203125 0.03125
0 0.784375 0.653125 0.25 0.15
0 0.8859375 0.7671875 0.228125 0.128125
0 0.75 0.45 0.18125 0.125