0 0.4859375 0.0328125 0.203125 0.065625
0 0.4125 0.571875 0.1875 0.075
0 0.4796875 0.2859375 0.215625 0.159375
0 0.4078125 0.090625 0.20625 0.121875
0 0.3109375 0.38125 0.2703125 0.134375
0 0.5453125 0.5640625 0.084375 0.090625
0 0.3671875 0.4875 0.2 0.1109375
0 0.4890625 0.4484375 0.1203125 0.0984375
0 0.7203125 0.3296875 0.215625 0.134375
0 0.91875 0.1984375 0.1625 0.153125
0 0.65 0.146875 0.125 0.125
0 0.8828125 0.5359375 0.234375 0.140625
0 0.775 0.040625 0.275 0.08125
0 0.85625 0.4515625 0.228125 0.09375
0 0.7890625 0.56875 0.203125 0.08125
0 0.7609375 0.075 0.1984375 0.103125
0 0.1609375 0.8515625 0.1953125 0.115625
0 0.346875 0.634375 0.15625 0.05
0 0.259375 0.9453125 0.18125 0.109375
0 0.3921875 0.86875 0.190625 0.11875
0 0.171875 0.7390625 0.1734375 0.1078125
0 0.1140625 0.6421875 0.215625 0.065625
0 0.375 0.740625 0.1734375 0.0984375
0 0.16875 0.95 0.16875 0.1
0 0.6359375 0.6625 0.096875 0.10625
0 0.7328125 0.715625 0.159375 0.0859375
0 0.6234375 0.7390625 0.071875 0.090625
0 0.7984375 0.8328125 0.16875 0.0828125
0 0.640625 0.83125 0.10625 0.1
0 0.821875 0.9484375 0.16875 0.103125
0 0.64375 0.928125 0.1125 0.1
0 0.709375 0.9890625 0.14375 0.021875
0 0.6296875 0.984375 0.084375 0.03125