0 0.33125 0.5921875 0.15625 0.053125
0 0.4078125 0.203125 0.184375 0.125
0 0.353125 0.50625 0.178125 0.090625
0 0.1484375 0.23125 0.2265625 0.1296875
0 0.4515625 0.5625 0.096875 0.10625
0 0.2609375 0.4265625 0.171875 0.09375
0 0.1796875 0.29375 0.215625 0.0921875
0 0.4609375 0.3234375 0.078125 0.109375
0 0.2640625 0.2046875 0.1734375 0.11875
0 0.5703125 0.0625 0.140625 0.125
0 0.86875 0.025 0.2625 0.05
0 0.903125 0.078125 0.19375 0.11875
0 0.790625 0.25 0.215625 0.171875
0 0.6828125 0.3703125 0.2265625 0.125
0 0.525 0.328125 0.05 0.11875
0 0.6203125 0.471875 0.2 0.1234375
0 0.64375 0.5484375 0.1828125 0.1140625
0 0.5828125 0.6015625 0.165625 0.034375
0 0.528125 0.496875 0.05625 0.09375
0 0.1328125 0.71875 0.2171875 0.1375
0 0.1109375 0.8515625 0.221875 0.115625
0 0.040625 0.95 0.08125 0.1
0 0.953125 0.6796875 0.09375 0.121875
0 0.8859375 0.8640625 0.1953125 0.0984375
0 0.7375 0.809375 0.1734375 0.10625
0 0.8703125 0.7859375 0.16875 0.1375
0 0.8390625 0.90625 0.1640625 0.115625