0 0.521875 0.053125 0.19375 0.10625
0 0.365625 0.23125 0.1671875 0.096875
0 0.2703125 0.0875 0.2125 0.1421875
0 0.55625 0.159375 0.14375 0.10625
0 0.5 0.35625 0.2125 0.025
0 0.3703125 0.0359375 0.146875 0.071875
0 0.4796875 0.325 0.16875 0.0828125
0 0.6765625 0.153125 0.096875 0.175
0 0.76875 0.0171875 0.225 0.034375
0 0.815625 0.096875 0.284375 0.1375
0 0.715625 0.228125 0.175 0.1375
0 0.53125 0.4171875 0.19375 0.096875
0 0.4453125 0.5140625 0.2328125 0.1453125
0 0.30625 0.940625 0.1875 0.11875
0 0.375 0.821875 0.2015625 0.134375
0 0.2328125 0.39375 0.278125 0.05
0 0.5390625 0.78125 0.178125 0.1125
0 0.5015625 0.890625 0.184375 0.1171875
0 0.4953125 0.6515625 0.2125 0.1234375
0 0.265625 0.978125 0.18125 0.04375
0 0.4609375 0.9453125 0.165625 0.109375
0 0.2546875 0.434375 0.1875 0.1078125
0 0.9296875 0.575 0.140625 0.125
0 0.796875 0.9328125 0.1984375 0.115625
0 0.865625 0.8296875 0.1828125 0.115625
0 0.965625 0.909375 0.06875 0.125
0 0.9625 0.965625 0.075 0.06875
0 0.859375 0.425 0.2375 0.1125
0 0.834375 0.9640625 0.15 0.071875
0 0.91875 0.4625 0.1625 0.09375