0 0.3796875 0.240625 0.040625 0.1375
0 0.353125 0.1265625 0.09375 0.121875
0 0.29375 0.028125 0.2125 0.05625
0 0.3578125 0.3625 0.084375 0.125
0 0.5734375 0.1640625 0.1796875 0.1046875
0 0.675 0.034375 0.2 0.06875
0 0.7421875 0.1046875 0.1703125 0.1359375
0 0.6921875 0.221875 0.1703125 0.1296875
0 0.5328125 0.01875 0.153125 0.0375
0 0.0828125 0.9515625 0.165625 0.096875
0 0.103125 0.859375 0.1953125 0.1046875
0 0.1828125 0.628125 0.209375 0.121875
0 0.2890625 0.4890625 0.190625 0.103125
0 0.31875 0.875 0.1625 0.11875
0 0.26875 0.9515625 0.15625 0.096875
0 0.35 0.759375 0.1 0.125
0 0.3765625 0.60625 0.046875 0.1125
0 0.6984375 0.8484375 0.21875 0.1234375
0 0.9375 0.8703125 0.125 0.140625
0 0.834375 0.9375 0.2234375 0.1234375
0 0.9171875 0.79375 0.165625 0.09375