0 0.315625 0.5765625 0.14375 0.103125
0 0.384375 0.484375 0.16875 0.1015625
0 0.4953125 0.5375 0.128125 0.1125
0 0.4734375 0.0453125 0.171875 0.090625
0 0.4265625 0.6125 0.178125 0.03125
0 0.190625 0.1375 0.240625 0.11875
0 0.2140625 0.0703125 0.228125 0.140625
0 0.2890625 0.2859375 0.171875 0.1015625
0 0.3921875 0.3796875 0.1765625 0.0984375
0 0.50625 0.15625 0.10625 0.11875
0 0.509375 0.4046875 0.1 0.103125
0 0.68125 0.2859375 0.24375 0.165625
0 0.925 0.1765625 0.15 0.146875
0 0.6671875 0.59375 0.215625 0.06875
0 0.8203125 0.4546875 0.2265625 0.1484375
0 0.8609375 0.575 0.278125 0.10625
0 0.89375 0.2734375 0.2 0.1046875
0 0.63125 0.0875 0.14375 0.14375
0 0.809375 0.0328125 0.26875 0.065625
0 0.7875 0.14375 0.2125 0.115625
0 0.1671875 0.7890625 0.1796875 0.1046875
0 0.26875 0.6609375 0.2 0.065625
0 0.3359375 0.7296875 0.1703125 0.1359375
0 0.2859375 0.846875 0.1703125 0.1296875
0 0.1265625 0.6453125 0.153125 0.034375
0 0.803125 0.8421875 0.2234375 0.146875
0 0.746875 0.675 0.1875 0.09375
0 0.6671875 0.9265625 0.215625 0.128125
0 0.9359375 0.6765625 0.128125 0.096875