0 0.34375 0.25625 0.1125 0.14375
0 0.95625 0.340625 0.0875 0.11875
0 0.8734375 0.053125 0.253125 0.10625
0 0.9171875 0.1671875 0.165625 0.115625
0 0.078125 0.6359375 0.15625 0.159375
0 0.03125 0.95 0.0625 0.1
0 0.0765625 0.9734375 0.153125 0.053125
0 0.234375 0.478125 0.25 0.05625
0 0.4890625 0.6546875 0.178125 0.115625
0 0.803125 0.5453125 0.2171875 0.11875
0 0.54375 0.5390625 0.2140625 0.121875
0 0.7046875 0.653125 0.1640625 0.1265625
0 0.8265625 0.4765625 0.215625 0.053125
0 0.6953125 0.734375 0.165625 0.10625
0 0.4921875 0.83125 0.171875 0.125
0 0.640625 0.8421875 0.16875 0.121875
0 0.4984375 0.7203125 0.1703125 0.090625