0 0.8625 0.378125 0.2078125 0.11875
0 0.8078125 0.7125 0.2015625 0.159375
0 0.7921875 0.8125 0.190625 0.03125
0 0.9125 0.1296875 0.175 0.134375
0 0.659375 0.7609375 0.19375 0.134375
0 0.7375 0.071875 0.29375 0.14375
0 0.934375 0.2546875 0.13125 0.146875
0 0.903125 0.0140625 0.19375 0.028125
0 0.784375 0.20625 0.2109375 0.115625
0 0.9 0.575 0.2 0.15
0 0.928125 0.49375 0.14375 0.10625
0 0.0484375 0.8890625 0.096875 0.121875
0 0.0703125 0.959375 0.140625 0.08125
0 0.0875 0.884375 0.175 0.1125
0 0.9203125 0.8578125 0.159375 0.059375
0 0.959375 0.95 0.08125 0.1
0 0.8578125 0.9609375 0.184375 0.078125