0 0.0765625 0.478125 0.153125 0.0625
0 0.2484375 0.321875 0.24375 0.1078125
0 0.134375 0.2 0.1953125 0.10625
0 0.290625 0.1203125 0.2453125 0.1328125
0 0.1953125 0.40625 0.2328125 0.146875
0 0.06875 0.0484375 0.1375 0.090625
0 0.953125 0.3171875 0.09375 0.140625
0 0.7953125 0.046875 0.240625 0.09375
0 0.9 0.11875 0.2 0.13125
0 0.0953125 0.76875 0.1796875 0.090625
0 0.18125 0.615625 0.215625 0.1375
0 0.0890625 0.946875 0.15625 0.0953125
0 0.2875 0.84375 0.1484375 0.09375
0 0.1265625 0.859375 0.171875 0.1078125
0 0.08125 0.6765625 0.1625 0.103125
0 0.2265625 0.74375 0.1203125 0.084375
0 0.234375 0.9328125 0.1546875 0.103125
0 0.9171875 0.640625 0.165625 0.15
0 0.8453125 0.7140625 0.2359375 0.16875
0 0.6953125 0.5984375 0.2453125 0.1765625
0 0.6703125 0.7828125 0.2265625 0.1421875
0 0.8828125 0.5359375 0.165625 0.053125