0 0.1 0.478125 0.2 0.15
0 0.175 0.1875 0.125 0.1625
0 0.1375 0.3375 0.2 0.14375
0 0.1234375 0.55 0.221875 0.075
0 0.31875 0.1796875 0.1625 0.140625
0 0.2953125 0.4609375 0.115625 0.115625
0 0.2609375 0.2609375 0.046875 0.109375
0 0.4328125 0.0390625 0.228125 0.078125
0 0.428125 0.44375 0.15625 0.0984375
0 0.2859375 0.365625 0.096875 0.10625
0 0.3890625 0.3375 0.1453125 0.0921875
0 0.378125 0.5359375 0.165625 0.103125
0 0.2734375 0.54375 0.071875 0.0875
0 0.30625 0.0234375 0.1375 0.046875
0 0.1953125 0.7484375 0.084375 0.128125
0 0.2 0.6546875 0.075 0.134375
0 0.4734375 0.984375 0.221875 0.03125
0 0.6015625 0.63125 0.215625 0.0875
0 0.6546875 0.940625 0.221875 0.11875
0 0.778125 0.8140625 0.2625 0.140625
0 0.7375 0.7296875 0.228125 0.09375
0 0.671875 0.8609375 0.203125 0.109375