0 0.7140625 0.71875 0.20625 0.1140625
0 0.4328125 0.2578125 0.3109375 0.18125
0 0.4703125 0.8453125 0.2046875 0.121875
0 0.478125 0.7109375 0.1890625 0.121875
0 0.41875 0.4859375 0.2671875 0.1578125
0 0.728125 0.8828125 0.21875 0.1453125
0 0.64375 0.1546875 0.2921875 0.19375
0 0.353125 0.1359375 0.296875 0.14375
0 0.671875 0.56875 0.1765625 0.109375
0 0.415625 0.5875 0.2453125 0.1140625
0 0.6578125 0.2828125 0.2015625 0.1359375
0 0.5640625 0.946875 0.2234375 0.10625
0 0.8828125 0.153125 0.234375 0.1484375
0 0.6921875 0.0359375 0.29375 0.071875
0 0.4875 0.9390625 0.2125 0.121875