0 0.09375 0.3765625 0.1875 0.109375
0 0.078125 0.0578125 0.15625 0.115625
0 0.115625 0.484375 0.16875 0.0875
0 0.078125 0.246875 0.15625 0.15
0 0.3421875 0.3765625 0.1875 0.1078125
0 0.3515625 0.5 0.209375 0.05625
0 0.3359375 0.1015625 0.215625 0.11875
0 0.5421875 0.55 0.159375 0.04375
0 0.3625 0.5640625 0.2125 0.071875
0 0.575 0.646875 0.10625 0.08125
0 0.428125 0.646875 0.1546875 0.1
0 0.5875 0.765625 0.08125 0.10625
0 0.4328125 0.7453125 0.1578125 0.0984375
0 0.5203125 0.84375 0.1421875 0.1
0 0.4234375 0.8328125 0.1171875 0.096875
0 0.6875 0.9109375 0.11875 0.103125
0 0.73125 0.6796875 0.20625 0.121875
0 0.8359375 0.5609375 0.190625 0.065625
0 0.88125 0.928125 0.1890625 0.11875
0 0.815625 0.978125 0.15625 0.04375
0 0.9234375 0.8125 0.153125 0.125
0 0.95 0.659375 0.1 0.1125