0 0.346875 0.065625 0.14375 0.13125
0 0.3265625 0.3171875 0.184375 0.103125
0 0.3578125 0.3921875 0.121875 0.146875
0 0.38125 0.5 0.075 0.11875
0 0.3609375 0.565625 0.115625 0.04375
0 0.46875 0.38125 0.1 0.10625
0 0.4546875 0.45625 0.071875 0.1
0 0.4875 0.275 0.1375 0.09375
0 0.5 0.55 0.1625 0.075
0 0.453125 0.1625 0.06875 0.13125
0 0.1859375 0.984375 0.215625 0.03125
0 0.2125 0.915625 0.215625 0.146875
0 0.0875 0.6171875 0.175 0.059375
0 0.0625 0.7375 0.125 0.15
0 0.2859375 0.7453125 0.221875 0.1265625
0 0.3109375 0.6046875 0.215625 0.034375
0 0.7734375 0.8640625 0.2640625 0.134375
0 0.803125 0.9671875 0.23125 0.065625
0 0.9625 0.884375 0.075 0.15