0 0.365625 0.0203125 0.18125 0.040625
0 0.4 0.1390625 0.221875 0.115625
0 0.4484375 0.084375 0.21875 0.096875
0 0.3703125 0.190625 0.1765625 0.10625
0 0.25 0.2515625 0.159375 0.1328125
0 0.1296875 0.2765625 0.1609375 0.103125
0 0.2203125 0.36875 0.1421875 0.10625
0 0.2703125 0.33125 0.16875 0.0890625
0 0.96875 0.265625 0.0625 0.1
0 0.7109375 0.4671875 0.121875 0.065625
0 0.9265625 0.415625 0.146875 0.11875
0 0.953125 0.2171875 0.09375 0.109375
0 0.728125 0.275 0.15625 0.10625
0 0.8265625 0.48125 0.171875 0.0375
0 0.8078125 0.1640625 0.15 0.1015625
0 0.134375 0.7671875 0.246875 0.1359375
0 0.1015625 0.984375 0.203125 0.03125
0 0.3765625 0.9515625 0.234375 0.096875
0 0.4421875 0.6765625 0.3046875 0.165625
0 0.5359375 0.76875 0.228125 0.14375
0 0.6 0.68125 0.1 0.1375