0 0.5046875 0.05 0.109375 0.1
0 0.496875 0.2484375 0.09375 0.021875
0 0.54375 0.0875 0.1875 0.1375
0 0.265625 0.5046875 0.23125 0.125
0 0.1125 0.434375 0.1734375 0.1046875
0 0.1484375 0.58125 0.184375 0.1140625
0 0.090625 0.33125 0.18125 0.125
0 0.15625 0.7609375 0.209375 0.1265625
0 0.2328125 0.7 0.2265625 0.0984375
0 0.0625 0.94375 0.125 0.1
0 0.0484375 0.865625 0.096875 0.1375
0 0.03125 0.9640625 0.0625 0.071875
0 0.28125 0.3875 0.1671875 0.128125
0 0.765625 0.5921875 0.2078125 0.146875
0 0.6234375 0.7125 0.23125 0.1265625
0 0.8515625 0.3125 0.253125 0.10625
0 0.534375 0.9609375 0.16875 0.078125
0 0.6328125 0.8203125 0.1984375 0.1265625
0 0.5015625 0.690625 0.103125 0.1125
0 0.6984375 0.9171875 0.1703125 0.1359375
0 0.528125 0.4109375 0.15625 0.128125
0 0.6265625 0.3125 0.190625 0.10625
0 0.646875 0.984375 0.16875 0.03125
0 0.8765625 0.403125 0.246875 0.125
0 0.5078125 0.8 0.115625 0.1