0 0.3703125 0.8640625 0.1875 0.134375
0 0.5421875 0.759375 0.2109375 0.1265625
0 0.425 0.6640625 0.1625 0.0984375
0 0.6171875 0.6109375 0.2234375 0.1171875
0 0.3515625 0.4515625 0.2046875 0.1
0 0.4515625 0.5453125 0.184375 0.0875
0 0.6828125 0.3453125 0.265625 0.14375
0 0.240625 0.853125 0.1421875 0.1125
0 0.465625 0.89375 0.146875 0.1078125
0 0.325 0.7515625 0.1359375 0.1078125
0 0.6046875 0.2078125 0.23125 0.15
0 0.2953125 0.2265625 0.2875 0.1546875
0 0.2609375 0.2921875 0.2640625 0.11875
0 0.5984375 0.0765625 0.228125 0.103125