0 0.0359375 0.146875 0.071875 0.14375
0 0.2046875 0.1859375 0.2140625 0.1359375
0 0.109375 0.2421875 0.21875 0.121875
0 0.9203125 0.0828125 0.159375 0.115625
0 0.628125 0.2234375 0.215625 0.11875
0 0.9 0.446875 0.2 0.0625
0 0.653125 0.0421875 0.25625 0.084375
0 0.7078125 0.41875 0.184375 0.1
0 0.615625 0.078125 0.2125 0.13125
0 0.915625 0.3296875 0.16875 0.109375
0 0.696875 0.2953125 0.1953125 0.1109375
0 0.0328125 0.5921875 0.065625 0.159375
0 0.1953125 0.809375 0.2203125 0.153125
0 0.0890625 0.496875 0.178125 0.0375
0 0.1046875 0.9359375 0.209375 0.128125
0 0.33125 0.6328125 0.2515625 0.1109375
0 0.36875 0.540625 0.28125 0.125
0 0.7765625 0.934375 0.225 0.1109375
0 0.81875 0.6546875 0.24375 0.1375
0 0.971875 0.8625 0.05625 0.1625
0 0.8765625 0.959375 0.246875 0.08125