0 0.096875 0.0609375 0.19375 0.121875
0 0.1546875 0.328125 0.190625 0.0625
0 0.0296875 0.103125 0.059375 0.1375
0 0.384375 0.0375 0.28125 0.075
0 0.06875 0.2625 0.1375 0.1125
0 0.3796875 0.140625 0.2734375 0.128125
0 0.8390625 0.0671875 0.19375 0.1203125
0 0.8359375 0.19375 0.2140625 0.14375
0 0.9609375 0.153125 0.078125 0.15625
0 0.046875 0.3890625 0.09375 0.059375
0 0.165625 0.525 0.178125 0.1265625
0 0.0546875 0.6 0.109375 0.1
0 0.0265625 0.553125 0.053125 0.075
0 0.0421875 0.690625 0.084375 0.09375
0 0.05625 0.7765625 0.1125 0.096875
0 0.11875 0.8171875 0.1421875 0.0953125
0 0.028125 0.859375 0.05625 0.1
0 0.0171875 0.7859375 0.034375 0.078125
0 0.1078125 0.7296875 0.13125 0.078125
0 0.8734375 0.790625 0.1953125 0.1375
0 0.721875 0.4015625 0.1875 0.084375
0 0.9109375 0.534375 0.178125 0.15
0 0.7046875 0.9640625 0.153125 0.071875
0 0.7015625 0.7140625 0.146875 0.153125
0 0.9140625 0.6796875 0.171875 0.140625
0 0.6765625 0.840625 0.096875 0.14375
0 0.8515625 0.9578125 0.178125 0.084375
0 0.9078125 0.3765625 0.184375 0.034375
0 0.859375 0.8625 0.19375 0.109375
0 0.675 0.8921875 0.09375 0.096875