0 0.0734375 0.325 0.146875 0.1
0 0.290625 0.1765625 0.1703125 0.1109375
0 0.1625 0.23125 0.1671875 0.090625
0 0.065625 0.5515625 0.1234375 0.075
0 0.0734375 0.4984375 0.1265625 0.0765625
0 0.0765625 0.165625 0.153125 0.1
0 0.05625 0.43125 0.1125 0.06875
0 0.1984375 0.475 0.1296875 0.0703125
0 0.0296875 0.3671875 0.059375 0.078125
0 0.14375 0.4046875 0.115625 0.0671875
0 0.1578125 0.5484375 0.11875 0.0765625
0 0.571875 0.4953125 0.16875 0.121875
0 0.540625 0.5890625 0.10625 0.059375
0 0.51875 0.24375 0.0625 0.15
0 0.7984375 0.55625 0.259375 0.125
0 0.5640625 0.3578125 0.153125 0.128125
0 0.821875 0.0671875 0.30625 0.134375
0 0.8078125 0.3859375 0.2609375 0.1328125
0 0.065625 0.7234375 0.13125 0.115625
0 0.2015625 0.8796875 0.16875 0.109375
0 0.05625 0.65 0.1125 0.0625
0 0.0671875 0.934375 0.134375 0.1125
0 0.0921875 0.8296875 0.1796875 0.1265625
0 0.20625 0.7765625 0.0953125 0.078125
0 0.5453125 0.7578125 0.115625 0.128125
0 0.5890625 0.66875 0.196875 0.1
0 0.55 0.8375 0.125 0.11875
0 0.5203125 0.940625 0.065625 0.11875