0 0.1203125 0.025 0.240625 0.05
0 0.359375 0.1734375 0.15625 0.171875
0 0.2828125 0.2953125 0.2265625 0.125
0 0.075 0.253125 0.15 0.11875
0 0.0625 0.3453125 0.125 0.065625
0 0.21875 0.35625 0.2 0.04375
0 0.6234375 0.115625 0.2 0.1140625
0 0.7921875 0.2703125 0.16875 0.109375
0 0.5703125 0.0359375 0.265625 0.071875
0 0.6390625 0.3234375 0.171875 0.109375
0 0.6828125 0.2203125 0.1796875 0.1265625
0 0.796875 0.1671875 0.0953125 0.078125
0 0.26875 0.884375 0.225 0.1328125
0 0.275 0.9828125 0.26875 0.034375
0 0.0640625 0.5859375 0.128125 0.146875
0 0.1125 0.765625 0.225 0.1375
0 0.3328125 0.6359375 0.209375 0.128125
0 0.2484375 0.496875 0.2421875 0.1125
0 0.8640625 0.846875 0.2109375 0.1375
0 0.625 0.803125 0.203125 0.121875
0 0.615625 0.553125 0.209375 0.1109375
0 0.646875 0.675 0.16875 0.11875
0 0.6953125 0.9265625 0.2015625 0.1453125
0 0.5625 0.4375 0.25 0.11875
0 0.8734375 0.5515625 0.1875 0.1078125
0 0.884375 0.703125 0.2109375 0.1078125
0 0.6328125 0.9234375 0.171875 0.1203125