0 0.3859375 0.2828125 0.203125 0.109375
0 0.396875 0.103125 0.18125 0.14375
0 0.45 0.2453125 0.075 0.128125
0 0.584375 0.178125 0.19375 0.1375
0 0.759375 0.2734375 0.18125 0.128125
0 0.8875 0.0546875 0.21875 0.109375
0 0.859375 0.1828125 0.2328125 0.1359375
0 0.55625 0.2890625 0.1375 0.096875
0 0.7515625 0.315625 0.178125 0.04375
0 0.5546875 0.3203125 0.134375 0.034375
0 0.275 0.753125 0.225 0.140625
0 0.2640625 0.940625 0.184375 0.11875
0 0.225 0.8578125 0.19375 0.1359375
0 0.0703125 0.9734375 0.140625 0.053125
0 0.06875 0.825 0.1375 0.1125
0 0.3875 0.6109375 0.2 0.159375
0 0.1078125 0.415625 0.215625 0.15
0 0.0703125 0.7140625 0.140625 0.121875
0 0.4375 0.4078125 0.1 0.121875