0 0.1359375 0.1 0.2015625 0.134375
0 0.19375 0.0125 0.1875 0.025
0 0.03125 0.090625 0.0625 0.10625
0 0.065625 0.175 0.13125 0.125
0 0.1828125 0.184375 0.1578125 0.103125
0 0.321875 0.071875 0.2203125 0.115625
0 0.0734375 0.3296875 0.146875 0.115625
0 0.1953125 0.3875 0.159375 0.0859375
0 0.0609375 0.4109375 0.121875 0.090625
0 0.259375 0.4953125 0.16875 0.065625
0 0.0796875 0.490625 0.153125 0.075
0 0.60625 0.06875 0.25625 0.1375
0 0.5484375 0.3546875 0.140625 0.165625
0 0.6953125 0.1640625 0.2765625 0.1359375
0 0.2453125 0.840625 0.225 0.1109375
0 0.384375 0.9671875 0.1875 0.065625
0 0.2875 0.578125 0.24375 0.1
0 0.4453125 0.76875 0.065625 0.1625
0 0.35 0.89375 0.25625 0.1375
0 0.559375 0.69375 0.1625 0.14375
0 0.5484375 0.8984375 0.140625 0.090625
0 0.6328125 0.9671875 0.165625 0.065625
0 0.8171875 0.7828125 0.228125 0.1078125
0 0.5140625 0.7578125 0.071875 0.121875
0 0.809375 0.984375 0.2 0.03125
0 0.7953125 0.665625 0.2203125 0.1296875
0 0.50625 0.64375 0.05625 0.075