0 0.315625 0.0578125 0.25 0.1140625
0 0.4546875 0.775 0.2109375 0.1375
0 0.215625 0.73125 0.203125 0.121875
0 0.20625 0.48125 0.209375 0.1109375
0 0.1390625 0.1359375 0.278125 0.16875
0 0.2375 0.603125 0.16875 0.11875
0 0.2859375 0.8546875 0.2015625 0.1453125
0 0.1515625 0.3515625 0.2578125 0.1484375
0 0.4640625 0.4796875 0.1875 0.1078125
0 0.475 0.63125 0.2109375 0.1078125
0 0.4578125 0.2046875 0.215625 0.11875
0 0.09375 0.034375 0.1875 0.06875
0 0.559375 0.053125 0.29375 0.10625
0 0.2234375 0.8515625 0.171875 0.1203125