0 0.7375 0.2046875 0.2234375 0.146875
0 0.6984375 0.4796875 0.159375 0.078125
0 0.696875 0.0421875 0.15625 0.084375
0 0.678125 0.40625 0.11875 0.1125
0 0.81875 0.4640625 0.1234375 0.0921875
0 0.6640625 0.2890625 0.090625 0.128125
0 0.903125 0.04375 0.19375 0.0875
0 0.38125 0.98125 0.1625 0.0375
0 0.4578125 0.94375 0.15625 0.1
0 0.5296875 0.55625 0.178125 0.075
0 0.478125 0.834375 0.178125 0.090625
0 0.271875 0.5703125 0.225 0.103125
0 0.5734375 0.890625 0.090625 0.10625
0 0.3859375 0.7546875 0.171875 0.09375
0 0.3046875 0.621875 0.215625 0.0921875
0 0.5828125 0.6515625 0.071875 0.109375
0 0.3875 0.5546875 0.175 0.071875
0 0.959375 0.821875 0.08125 0.125
0 0.940625 0.9234375 0.11875 0.115625
0 0.8875 0.6046875 0.225 0.134375
0 0.9328125 0.7109375 0.134375 0.109375