0 0.4515625 0.2296875 0.071875 0.140625
0 0.3984375 0.0484375 0.178125 0.096875
0 0.5796875 0.4640625 0.184375 0.140625
0 0.6890625 0.05 0.215625 0.1
0 0.7140625 0.553125 0.203125 0.13125
0 0.74375 0.3875 0.2203125 0.1609375
0 0.865625 0.2390625 0.2625 0.140625
0 0.825 0.1546875 0.228125 0.09375
0 0.759375 0.2859375 0.203125 0.109375
0 0.21875 0.6390625 0.21875 0.040625
0 0.2015625 0.94375 0.221875 0.1125
0 0.3484375 0.8171875 0.278125 0.159375
0 0.36875 0.7234375 0.2375 0.109375
0 0.790625 0.6421875 0.225 0.046875
0 0.6609375 0.790625 0.2 0.1140625
0 0.8296875 0.9453125 0.16875 0.109375
0 0.6140625 0.6890625 0.253125 0.115625
0 0.6765625 0.971875 0.171875 0.05625
0 0.7203125 0.8953125 0.1796875 0.1265625
0 0.834375 0.8421875 0.0953125 0.078125
0 0.6203125 0.640625 0.171875 0.04375