0 0.05625 0.19375 0.1125 0.1
0 0.0671875 0.0390625 0.134375 0.078125
0 0.2140625 0.21875 0.1625 0.0921875
0 0.040625 0.290625 0.08125 0.09375
0 0.190625 0.3453125 0.171875 0.1171875
0 0.0359375 0.0953125 0.071875 0.103125
0 0.20625 0.09375 0.165625 0.0890625
0 0.0609375 0.4 0.121875 0.10625
0 0.0296875 0.38125 0.059375 0.0875
0 0.6890625 0.2953125 0.1984375 0.134375
0 0.5859375 0.2109375 0.153125 0.134375
0 0.559375 0.334375 0.1 0.14375
0 0.5640625 0.0875 0.109375 0.125
0 0.71875 0.2046875 0.1796875 0.1296875
0 0.6390625 0.0890625 0.1203125 0.109375
0 0.3890625 0.6796875 0.2265625 0.1640625
0 0.2578125 0.884375 0.2 0.1140625
0 0.203125 0.784375 0.271875 0.115625
0 0.315625 0.9625 0.18125 0.075
0 0.43125 0.9359375 0.0953125 0.078125
0 0.21875 0.71875 0.1734375 0.075
0 0.74375 0.7515625 0.278125 0.1609375
0 0.9703125 0.7296875 0.059375 0.146875
0 0.671875 0.815625 0.2421875 0.1359375
0 0.78125 0.9640625 0.20625 0.071875
0 0.9421875 0.615625 0.115625 0.075