0 0.5015625 0.08125 0.3265625 0.1625
0 0.4296875 0.85 0.225 0.134375
0 0.7015625 0.88125 0.234375 0.1484375
0 0.5484375 0.9515625 0.2265625 0.096875
0 0.4359375 0.6984375 0.2078125 0.1296875
0 0.3734375 0.45 0.2859375 0.1609375
0 0.646875 0.2453125 0.209375 0.1453125
0 0.3265625 0.2046875 0.3484375 0.1859375
0 0.68125 0.709375 0.2296875 0.125
0 0.6125 0.546875 0.234375 0.1140625
0 0.40625 0.9546875 0.1640625 0.090625
0 0.359375 0.5765625 0.2765625 0.121875
0 0.825 0.0640625 0.35 0.128125
0 0.246875 0.075 0.2265625 0.125