0 0.4578125 0.0625 0.203125 0.125
0 0.4421875 0.190625 0.228125 0.1171875
0 0.1796875 0.1890625 0.2171875 0.121875
0 0.1375 0.290625 0.1953125 0.090625
0 0.334375 0.3015625 0.165625 0.1265625
0 0.359375 0.375 0.1578125 0.1125
0 0.1859375 0.4421875 0.171875 0.1140625
0 0.325 0.4859375 0.153125 0.125
0 0.9484375 0.384375 0.103125 0.1
0 0.7875 0.3609375 0.16875 0.1046875
0 0.925 0.5171875 0.15 0.121875
0 0.875 0.0265625 0.2375 0.053125
0 0.7359375 0.4703125 0.1875 0.10625
0 0.778125 0.1578125 0.2484375 0.128125
0 0.796875 0.553125 0.19375 0.06875
0 0.95 0.25625 0.1 0.09375
0 0.7578125 0.253125 0.203125 0.1
0 0.7125 0.5484375 0.1875 0.078125
0 0.190625 0.9125 0.225 0.121875
0 0.2546875 0.63125 0.265625 0.0875
0 0.0375 0.871875 0.075 0.10625
0 0.6171875 0.9328125 0.115625 0.134375
0 0.7703125 0.740625 0.24375 0.1078125
0 0.65625 0.6296875 0.19375 0.084375
0 0.7171875 0.825 0.2328125 0.146875
0 0.6203125 0.9859375 0.121875 0.028125