0 0.1359375 0.303125 0.2203125 0.153125
0 0.075 0.4328125 0.15 0.134375
0 0.25625 0.125 0.225 0.1125
0 0.26875 0.0484375 0.2 0.096875
0 0.4328125 0.0765625 0.128125 0.115625
0 0.5453125 0.134375 0.159375 0.0859375
0 0.4203125 0.1578125 0.103125 0.090625
0 0.6109375 0.2515625 0.16875 0.0828125
0 0.4375 0.25 0.1375 0.1
0 0.6359375 0.3703125 0.1671875 0.1078125
0 0.440625 0.346875 0.14375 0.1
0 0.5234375 0.446875 0.1421875 0.1
0 0.4265625 0.4359375 0.115625 0.096875
0 0.0328125 0.8109375 0.065625 0.103125
0 0.078125 0.9671875 0.15625 0.065625
0 0.1796875 0.878125 0.221875 0.115625
0 0.2234375 0.7359375 0.2203125 0.1125
0 0.0421875 0.6953125 0.084375 0.103125