0 0.0828125 0.0796875 0.165625 0.159375
0 0.0921875 0.034375 0.184375 0.06875
0 0.79375 0.2296875 0.24375 0.1734375
0 0.4609375 0.303125 0.221875 0.11875
0 0.4796875 0.0328125 0.259375 0.065625
0 0.9171875 0.0359375 0.165625 0.071875
0 0.575 0.3578125 0.2859375 0.146875
0 0.5953125 0.45 0.228125 0.075
0 0.078125 0.921875 0.15625 0.15625
0 0.1375 0.6203125 0.275 0.171875
0 0.2265625 0.7359375 0.246875 0.128125
0 0.38125 0.771875 0.0625 0.125
0 0.4484375 0.5125 0.196875 0.05
0 0.6765625 0.675 0.2203125 0.153125
0 0.484375 0.90625 0.1890625 0.1359375
0 0.58125 0.80625 0.21875 0.1359375
0 0.4625 0.9640625 0.2125 0.071875
0 0.8109375 0.5203125 0.253125 0.065625