0 0.2515625 0.06875 0.284375 0.1375
0 0.1828125 0.3578125 0.259375 0.121875
0 0.703125 0.0765625 0.21875 0.153125
0 0.871875 0.0421875 0.20625 0.084375
0 0.60625 0.01875 0.2375 0.0375
0 0.553125 0.1203125 0.20625 0.1328125
0 0.3546875 0.534375 0.128125 0.15
0 0.265625 0.63125 0.2296875 0.128125
0 0.2375 0.871875 0.2171875 0.0984375
0 0.3296875 0.9109375 0.178125 0.103125
0 0.3390625 0.9796875 0.159375 0.040625
0 0.65625 0.4703125 0.2 0.103125
0 0.5015625 0.459375 0.165625 0.08125
0 0.540625 0.5328125 0.228125 0.1234375
0 0.7046875 0.540625 0.1578125 0.103125
0 0.8421875 0.4515625 0.221875 0.065625
0 0.55625 0.6875 0.2265625 0.1171875
0 0.7171875 0.74375 0.159375 0.0859375
0 0.5390625 0.76875 0.2125 0.0921875
0 0.7828125 0.8609375 0.16875 0.0828125
0 0.603125 0.859375 0.1546875 0.1
0 0.80625 0.9625 0.16875 0.075
0 0.60625 0.953125 0.15625 0.09375