0 0.30625 0.0171875 0.20625 0.034375
0 0.2515625 0.0265625 0.190625 0.053125
0 0.371875 0.06875 0.1359375 0.1109375
0 0.415625 0.1171875 0.10625 0.109375
0 0.4171875 0.2078125 0.103125 0.103125
0 0.3796875 0.359375 0.178125 0.13125
0 0.2796875 0.459375 0.190625 0.1
0 0.26875 0.4921875 0.1625 0.034375
0 0.4296875 0.478125 0.078125 0.0625
0 0.4359375 0.4296875 0.065625 0.109375
0 0.6109375 0.0640625 0.284375 0.128125
0 0.496875 0.2734375 0.05625 0.178125
0 0.6125 0.01875 0.2875 0.0375
0 0.0359375 0.6328125 0.071875 0.134375
0 0.1109375 0.540625 0.221875 0.0625
0 0.5640625 0.8359375 0.1875 0.1078125
0 0.5734375 0.965625 0.209375 0.06875
0 0.5671875 0.5640625 0.196875 0.109375