0 0.390625 0.2109375 0.203125 0.1234375
0 0.225 0.5671875 0.1984375 0.115625
0 0.29375 0.4640625 0.1828125 0.115625
0 0.528125 0.440625 0.215625 0.109375
0 0.5171875 0.328125 0.1890625 0.1203125
0 0.4390625 0.5453125 0.1578125 0.1265625
0 0.4390625 0.6234375 0.16875 0.1109375
0 0.5875 0.1125 0.209375 0.1171875
0 0.26875 0.675 0.1625 0.025
0 0.2875 0.0578125 0.2375 0.115625
0 0.4875 0.178125 0.153125 0.0875
0 0.2640625 0.609375 0.1484375 0.090625
0 0.3484375 0.0984375 0.165625 0.0953125
0 0.521875 0.9390625 0.31875 0.121875
0 0.24375 0.765625 0.25 0.15625
0 0.3859375 0.9140625 0.2328125 0.1296875
0 0.7546875 0.7734375 0.090625 0.171875
0 0.8171875 0.725 0.215625 0.075