0 0.4125 0.1125 0.15 0.15625
0 0.45625 0.2515625 0.0625 0.115625
0 0.525 0.45 0.075 0.1125
0 0.6 0.334375 0.1921875 0.13125
0 0.675 0.08125 0.246875 0.1328125
0 0.5203125 0.540625 0.065625 0.11875
0 0.5453125 0.5765625 0.115625 0.046875
0 0.7359375 0.165625 0.228125 0.11875
0 0.54375 0.046875 0.1125 0.09375
0 0.08125 0.8109375 0.1625 0.146875
0 0.1765625 0.6421875 0.259375 0.084375
0 0.7609375 0.975 0.215625 0.05
0 0.925 0.7828125 0.15 0.171875
0 0.7609375 0.9015625 0.2640625 0.1421875
0 0.690625 0.6171875 0.2625 0.034375
0 0.6375 0.840625 0.240625 0.1140625