0 0.396875 0.328125 0.2078125 0.1390625
0 0.28125 0.415625 0.19375 0.0875
0 0.478125 0.040625 0.14375 0.08125
0 0.509375 0.296875 0.08125 0.11875
0 0.4734375 0.3953125 0.153125 0.121875
0 0.4984375 0.1640625 0.103125 0.134375
0 0.215625 0.446875 0.19375 0.025
0 0.8421875 0.1390625 0.2234375 0.1296875
0 0.6359375 0.4109375 0.171875 0.096875
0 0.778125 0.4328125 0.18125 0.053125
0 0.8 0.2578125 0.1953125 0.125
0 0.834375 0.3546875 0.1828125 0.140625
0 0.925 0.0390625 0.15 0.078125
0 0.63125 0.2375 0.1625 0.10625
0 0.634375 0.1171875 0.16875 0.115625
0 0.221875 0.93125 0.2125 0.1375
0 0.315625 0.81875 0.2328125 0.1640625
0 0.325 0.5171875 0.25 0.115625
0 0.4453125 0.621875 0.209375 0.1375
0 0.4484375 0.8703125 0.1546875 0.1359375
0 0.465625 0.7546875 0.16875 0.134375
0 0.4546875 0.475 0.190625 0.03125
0 0.7828125 0.98125 0.209375 0.0375
0 0.7921875 0.6171875 0.171875 0.103125
0 0.9375 0.6625 0.125 0.11875
0 0.6546875 0.959375 0.209375 0.08125
0 0.659375 0.7421875 0.21875 0.121875
0 0.9125 0.8984375 0.175 0.146875
0 0.9703125 0.728125 0.059375 0.10625