0 0.3671875 0.303125 0.221875 0.175
0 0.078125 0.378125 0.15625 0.11875
0 0.096875 0.0703125 0.19375 0.140625
0 0.1578125 0.41875 0.284375 0.11875
0 0.8296875 0.4265625 0.203125 0.103125
0 0.9125 0.253125 0.175 0.11875
0 0.9484375 0.328125 0.103125 0.14375
0 0.85625 0.028125 0.23125 0.05625
0 0.7921875 0.346875 0.1375 0.096875
0 0.696875 0.43125 0.15625 0.09375
0 0.9390625 0.1265625 0.121875 0.121875
0 0.0703125 0.9875 0.140625 0.025
0 0.1296875 0.628125 0.215625 0.1265625
0 0.1375 0.86875 0.215625 0.1375
0 0.059375 0.9296875 0.11875 0.103125
0 0.2609375 0.7125 0.20625 0.11875
0 0.18125 0.9765625 0.11875 0.046875
0 0.396875 0.6421875 0.1625 0.140625
0 0.2484375 0.5078125 0.209375 0.059375
0 0.7765625 0.8328125 0.1875 0.128125
0 0.84375 0.709375 0.2015625 0.134375
0 0.946875 0.953125 0.10625 0.09375
0 0.840625 0.9671875 0.16875 0.065625
0 0.959375 0.66875 0.08125 0.1125
0 0.9390625 0.7765625 0.121875 0.115625
0 0.928125 0.5390625 0.14375 0.121875
0 0.7359375 0.8953125 0.1828125 0.1
0 0.9234375 0.8359375 0.153125 0.115625