0 0.240625 0.0984375 0.30625 0.1890625
0 0.38125 0.3078125 0.09375 0.159375
0 0.2625 0.4125 0.21875 0.075
0 0.0765625 0.15 0.153125 0.15625
0 0.1515625 0.240625 0.21875 0.13125
0 0.590625 0.425 0.2 0.05
0 0.8359375 0.196875 0.2234375 0.1421875
0 0.78125 0.3078125 0.1953125 0.1375
0 0.803125 0.3875 0.19375 0.125
0 0.553125 0.1609375 0.25 0.134375
0 0.55625 0.2828125 0.23125 0.11875
0 0.915625 0.0609375 0.16875 0.121875
0 0.65 0.340625 0.1703125 0.0953125
0 0.196875 0.50625 0.1734375 0.1
0 0.0796875 0.5796875 0.159375 0.134375
0 0.0484375 0.6046875 0.096875 0.121875
0 0.265625 0.621875 0.1734375 0.1109375
0 0.121875 0.68125 0.1359375 0.1109375
0 0.215625 0.73125 0.2046875 0.1109375
0 0.215625 0.821875 0.1984375 0.1015625
0 0.3078125 0.940625 0.2265625 0.1109375
0 0.1328125 0.953125 0.184375 0.09375
0 0.7359375 0.8578125 0.234375 0.15
0 0.73125 0.5625 0.2296875 0.15
0 0.8828125 0.6671875 0.2296875 0.146875
0 0.8078125 0.984375 0.121875 0.03125
0 0.603125 0.94375 0.24375 0.1125
0 0.80625 0.471875 0.1625 0.04375
0 0.953125 0.5921875 0.09375 0.165625