0 0.0390625 0.2078125 0.078125 0.134375
0 0.0671875 0.5609375 0.134375 0.159375
0 0.234375 0.0765625 0.2890625 0.153125
0 0.146875 0.4140625 0.2625 0.140625
0 0.109375 0.328125 0.21875 0.09375
0 0.0703125 0.4609375 0.140625 0.109375
0 0.6265625 0.384375 0.2390625 0.1453125
0 0.59375 0.2 0.1875 0.125
0 0.5546875 0.6359375 0.109375 0.103125
0 0.753125 0.0796875 0.26875 0.1484375
0 0.553125 0.528125 0.10625 0.1625
0 0.60625 0.4515625 0.2 0.10625
0 0.546875 0.0359375 0.09375 0.071875
0 0.7046875 0.3296875 0.25625 0.1140625
0 0.0828125 0.809375 0.165625 0.15
0 0.14375 0.925 0.2265625 0.128125
0 0.3953125 0.9421875 0.209375 0.115625
0 0.7859375 0.775 0.2390625 0.15
0 0.703125 0.7078125 0.25625 0.040625
0 0.9375 0.746875 0.125 0.11875
0 0.6859375 0.9453125 0.246875 0.109375