0 0.0875 0.5828125 0.175 0.053125
0 0.065625 0.5375 0.13125 0.125
0 0.2765625 0.04375 0.278125 0.0875
0 0.1921875 0.3046875 0.215625 0.165625
0 0.065625 0.43125 0.13125 0.13125
0 0.3734375 0.1125 0.271875 0.1375
0 0.1140625 0.0265625 0.190625 0.053125
0 0.1625 0.59375 0.14375 0.03125
0 0.5796875 0.54375 0.140625 0.13125
0 0.709375 0.29375 0.2796875 0.1984375
0 0.5640625 0.0640625 0.109375 0.128125
0 0.56875 0.4296875 0.11875 0.146875
0 0.890625 0.06875 0.21875 0.1375
0 0.553125 0.359375 0.0875 0.10625
0 0.690625 0.575 0.16875 0.06875
0 0.1125 0.940625 0.20625 0.11875
0 0.096875 0.6984375 0.19375 0.159375
0 0.3578125 0.9484375 0.228125 0.103125
0 0.290625 0.796875 0.234375 0.1140625
0 0.0875 0.8265625 0.175 0.121875
0 0.925 0.8875 0.15 0.16875
0 0.8203125 0.7734375 0.2453125 0.1765625
0 0.7890625 0.6609375 0.253125 0.103125
0 0.79375 0.9421875 0.225 0.115625
0 0.9625 0.6734375 0.075 0.128125