0 0.08125 0.3265625 0.1625 0.115625
0 0.053125 0.171875 0.10625 0.1125
0 0.884375 0.034375 0.23125 0.06875
0 0.8234375 0.1796875 0.1921875 0.109375
0 0.8671875 0.2828125 0.175 0.115625
0 0.9734375 0.2609375 0.053125 0.103125
0 0.9484375 0.15 0.103125 0.0875
0 0.7765625 0.08125 0.196875 0.1125
0 0.828125 0.3640625 0.16875 0.071875
0 0.9515625 0.346875 0.096875 0.10625
0 0.6046875 0.465625 0.146875 0.11875
0 0.56875 0.8875 0.190625 0.146875
0 0.646875 0.7828125 0.0625 0.153125
0 0.6390625 0.94375 0.078125 0.1125
0 0.496875 0.86875 0.153125 0.121875
0 0.64375 0.6921875 0.06875 0.103125
0 0.59375 0.76875 0.146875 0.0984375
0 0.8515625 0.4484375 0.203125 0.096875
0 0.7875 0.859375 0.190625 0.146875
0 0.9171875 0.7546875 0.165625 0.153125
0 0.909375 0.925 0.18125 0.13125
0 0.971875 0.6046875 0.05625 0.134375
0 0.734375 0.8390625 0.1125 0.121875
0 0.9140625 0.6640625 0.171875 0.103125
0 0.8125 0.740625 0.146875 0.0984375