0 0.3921875 0.215625 0.053125 0.10625
0 0.3546875 0.109375 0.128125 0.1125
0 0.6296875 0.0625 0.228125 0.125
0 0.5890625 0.1515625 0.2 0.1296875
0 0.4625 0.2390625 0.0875 0.096875
0 0.4609375 0.0875 0.084375 0.10625
0 0.6234375 0.2140625 0.1734375 0.125
0 0.5609375 0.2703125 0.196875 0.034375
0 0.3515625 0.8359375 0.134375 0.134375
0 0.3578125 0.965625 0.121875 0.06875
0 0.3171875 0.884375 0.19375 0.1046875
0 0.946875 0.6125 0.10625 0.13125
0 0.7921875 0.8984375 0.1921875 0.1203125
0 0.9265625 0.940625 0.146875 0.11875
0 0.9328125 0.73125 0.134375 0.125
0 0.953125 0.8296875 0.09375 0.140625
0 0.7734375 0.7140625 0.209375 0.1046875
0 0.8328125 0.3234375 0.265625 0.071875
0 0.7625 0.59375 0.24375 0.1140625