0 0.5046875 0.1125 0.065625 0.14375
0 0.4765625 0.4109375 0.121875 0.115625
0 0.396875 0.04375 0.1875 0.0875
0 0.9171875 0.325 0.1421875 0.1046875
0 0.95 0.2296875 0.1 0.103125
0 0.96875 0.40625 0.0625 0.125
0 0.8953125 0.41875 0.165625 0.1
0 0.8890625 0.040625 0.171875 0.08125
0 0.9515625 0.125 0.096875 0.1
0 0.3453125 0.85625 0.225 0.134375
0 0.44375 0.9546875 0.1875 0.090625
0 0.3515625 0.7046875 0.2078125 0.1296875
0 0.2875 0.5015625 0.2875 0.065625
0 0.509375 0.715625 0.05625 0.125
0 0.4734375 0.5515625 0.128125 0.115625
0 0.3203125 0.9578125 0.165625 0.084375
0 0.275 0.5828125 0.2765625 0.121875
0 0.7359375 0.75 0.2375 0.13125
0 0.8671875 0.5265625 0.265625 0.115625
0 0.9640625 0.9546875 0.071875 0.090625
0 0.8046875 0.940625 0.15625 0.1015625
0 0.9609375 0.8203125 0.078125 0.103125
0 0.7046875 0.5796875 0.2859375 0.1515625
0 0.671875 0.4921875 0.25625 0.046875
0 0.9625 0.571875 0.075 0.11875
0 0.7765625 0.825 0.1921875 0.096875