0 0.075 0.1640625 0.15 0.128125
0 0.046875 0.2578125 0.09375 0.115625
0 0.165625 0.0578125 0.2125 0.115625
0 0.0546875 0.3296875 0.109375 0.115625
0 0.8515625 0.1890625 0.2 0.1140625
0 0.9453125 0.071875 0.109375 0.13125
0 0.740625 0.3890625 0.1625 0.078125
0 0.8484375 0.2796875 0.184375 0.11875
0 0.8625 0.409375 0.15 0.0375
0 0.9125 0.3484375 0.1609375 0.1125
0 0.7140625 0.2421875 0.1609375 0.0890625
0 0.69375 0.1484375 0.2125 0.1015625
0 0.0671875 0.9640625 0.134375 0.071875
0 0.0671875 0.8234375 0.134375 0.171875
0 0.153125 0.671875 0.2546875 0.15625
0 0.1640625 0.484375 0.234375 0.1125
0 0.18125 0.7546875 0.2140625 0.1140625
0 0.2921875 0.6125 0.278125 0.1265625
0 0.1015625 0.9453125 0.203125 0.109375
0 0.8890625 0.890625 0.1421875 0.1046875
0 0.9359375 0.7953125 0.128125 0.103125
0 0.9546875 0.9546875 0.090625 0.090625
0 0.8671875 0.9671875 0.165625 0.065625
0 0.7609375 0.46875 0.240625 0.08125
0 0.8609375 0.5984375 0.171875 0.1015625
0 0.9375 0.690625 0.125 0.1