0 0.04375 0.05 0.0875 0.1
0 0.04375 0.61875 0.0875 0.1125
0 0.06875 0.4125 0.1375 0.11875
0 0.0484375 0.4890625 0.096875 0.109375
0 0.0890625 0.171875 0.178125 0.125
0 0.1375 0.3 0.2578125 0.1078125
0 0.609375 0.50625 0.165625 0.0984375
0 0.5203125 0.08125 0.240625 0.1625
0 0.7828125 0.5765625 0.2078125 0.121875
0 0.5421875 0.6046875 0.1609375 0.10625
0 0.659375 0.6703125 0.18125 0.078125
0 0.6140625 0.3921875 0.1765625 0.0984375
0 0.5203125 0.6796875 0.178125 0.059375
0 0.8328125 0.0578125 0.240625 0.115625
0 0.528125 0.3078125 0.1953125 0.1140625
0 0.828125 0.4296875 0.2 0.1046875
0 0.503125 0.1421875 0.20625 0.134375
0 0.8546875 0.1796875 0.2390625 0.11875
0 0.7109375 0.6890625 0.178125 0.040625
0 0.3453125 0.76875 0.109375 0.11875
0 0.6828125 0.9359375 0.259375 0.128125
0 0.5234375 0.771875 0.246875 0.125
0 0.4984375 0.9109375 0.196875 0.115625