0 0.3375 0.1640625 0.08125 0.115625
0 0.2703125 0.0234375 0.215625 0.046875
0 0.521875 0.4875 0.2 0.0625
0 0.640625 0.1734375 0.24375 0.1734375
0 0.4703125 0.3015625 0.184375 0.146875
0 0.4671875 0.4265625 0.178125 0.140625
0 0.6046875 0.5046875 0.171875 0.028125
0 0.2796875 0.74375 0.196875 0.14375
0 0.2921875 0.9484375 0.171875 0.090625
0 0.209375 0.8078125 0.2203125 0.121875
0 0.234375 0.69375 0.1421875 0.075
0 0.4734375 0.746875 0.190625 0.1625
0 0.4015625 0.946875 0.046875 0.10625
0 0.4984375 0.9828125 0.096875 0.034375
0 0.7484375 0.540625 0.221875 0.04375
0 0.659375 0.5734375 0.26875 0.109375