0 0.190625 0.315625 0.175 0.10625
0 0.18125 0.1984375 0.19375 0.128125
0 0.8171875 0.2765625 0.1984375 0.134375
0 0.6890625 0.19375 0.2046875 0.1359375
0 0.6421875 0.3171875 0.1953125 0.1421875
0 0.6375 0.0703125 0.2203125 0.125
0 0.846875 0.1859375 0.1796875 0.1296875
0 0.7671875 0.0703125 0.1203125 0.109375
0 0.0953125 0.6828125 0.190625 0.134375
0 0.1359375 0.978125 0.221875 0.04375
0 0.2390625 0.5515625 0.078125 0.153125
0 0.0375 0.5 0.075 0.125
0 0.203125 0.8890625 0.15 0.140625
0 0.1375 0.4171875 0.275 0.034375
0 0.190625 0.803125 0.175 0.09375
0 0.153125 0.9359375 0.203125 0.109375
0 0.121875 0.4390625 0.2 0.078125
0 0.7734375 0.6078125 0.2484375 0.153125
0 0.63125 0.88125 0.196875 0.15
0 0.7203125 0.759375 0.246875 0.14375
0 0.465625 0.4453125 0.3 0.090625
0 0.6359375 0.953125 0.215625 0.09375
0 0.4 0.759375 0.24375 0.14375
0 0.384375 0.8828125 0.2125 0.128125
0 0.765625 0.43125 0.23125 0.0625
0 0.44375 0.940625 0.178125 0.1046875