0 0.053125 0.3546875 0.10625 0.171875
0 0.125 0.203125 0.25 0.15625
0 0.1359375 0.0359375 0.234375 0.071875
0 0.153125 0.2859375 0.2140625 0.1140625
0 0.23125 0.1421875 0.2125 0.128125
0 0.0875 0.4609375 0.175 0.078125
0 0.3875 0.0625 0.1 0.125
0 0.3875 0.3953125 0.1 0.115625
0 0.5296875 0.153125 0.1546875 0.1
0 0.440625 0.4671875 0.18125 0.065625
0 0.5734375 0.4125 0.190625 0.11875
0 0.3875 0.28125 0.1 0.10625
0 0.3703125 0.165625 0.065625 0.10625
0 0.55625 0.284375 0.1734375 0.0984375
0 0.3859375 0.471875 0.096875 0.05625
0 0.15 0.7359375 0.2671875 0.146875
0 0.2171875 0.96875 0.196875 0.0625
0 0.29375 0.909375 0.0875 0.13125
0 0.121875 0.8390625 0.2015625 0.090625
0 0.303125 0.7421875 0.06875 0.090625
0 0.0546875 0.7578125 0.109375 0.128125
0 0.2703125 0.63125 0.134375 0.0875
0 0.725 0.6484375 0.1609375 0.1015625
0 0.70625 0.515625 0.2375 0.03125
0 0.9046875 0.671875 0.1625 0.0921875
0 0.6875 0.74375 0.16875 0.09375
0 0.88125 0.7984375 0.171875 0.1171875
0 0.675 0.55 0.175 0.1
0 0.896875 0.546875 0.165625 0.0890625
0 0.740625 0.853125 0.1484375 0.10625
0 0.675 0.8359375 0.15 0.0859375