0 0.3359375 0.2953125 0.234375 0.15
0 0.3296875 0.0375 0.228125 0.075
0 0.2734375 0.4796875 0.1921875 0.109375
0 0.315625 0.55625 0.175 0.0625
0 0.4734375 0.5484375 0.153125 0.078125
0 0.4828125 0.1046875 0.2296875 0.146875
0 0.409375 0.45 0.121875 0.0875
0 0.2046875 0.3828125 0.2453125 0.1125
0 0.6078125 0.05625 0.203125 0.1125
0 0.9125 0.515625 0.175 0.1125
0 0.9171875 0.10625 0.165625 0.15
0 0.9 0.4046875 0.2 0.121875
0 0.1953125 0.65625 0.259375 0.1375
0 0.0734375 0.9265625 0.146875 0.146875
0 0.109375 0.7484375 0.2 0.1046875
0 0.0546875 0.63125 0.109375 0.0875