0 0.0671875 0.4546875 0.134375 0.065625
0 0.221875 0.04375 0.19375 0.0875
0 0.0875 0.084375 0.175 0.10625
0 0.0421875 0.35625 0.084375 0.08125
0 0.1515625 0.0140625 0.178125 0.028125
0 0.0234375 0.071875 0.046875 0.0875
0 0.928125 0.0921875 0.14375 0.128125
0 0.784375 0.1703125 0.2171875 0.1
0 0.7328125 0.121875 0.2046875 0.075
0 0.784375 0.2609375 0.1671875 0.0921875
0 0.8234375 0.3453125 0.14375 0.096875
0 0.9 0.3859375 0.1421875 0.0953125
0 0.7640625 0.4296875 0.15 0.1015625
0 0.746875 0.35625 0.1390625 0.0765625
0 0.8890625 0.2984375 0.13125 0.078125
0 0.1359375 0.8875 0.2109375 0.125
0 0.2640625 0.778125 0.25625 0.1546875
0 0.0828125 0.571875 0.165625 0.15625
0 0.265625 0.9796875 0.2625 0.040625
0 0.0609375 0.7140625 0.121875 0.121875
0 0.1890625 0.6375 0.1859375 0.115625
0 0.2015625 0.51875 0.203125 0.0625
0 0.5609375 0.840625 0.1953125 0.1484375
0 0.5609375 0.6421875 0.190625 0.1125
0 0.5078125 0.7421875 0.096875 0.115625
0 0.7953125 0.55625 0.2296875 0.1203125
0 0.721875 0.7140625 0.2328125 0.1265625
0 0.4765625 0.8515625 0.034375 0.128125
0 0.5796875 0.53125 0.203125 0.0875
0 0.6515625 0.8796875 0.171875 0.11875