0 0.446875 0.265625 0.26875 0.0875
0 0.2359375 0.096875 0.2765625 0.15625
0 0.0875 0.1390625 0.175 0.140625
0 0.1859375 0.23125 0.20625 0.1234375
0 0.3484375 0.1609375 0.203125 0.13125
0 0.6015625 0.41875 0.153125 0.125
0 0.4859375 0.3546875 0.171875 0.090625
0 0.5234375 0.496875 0.184375 0.1140625
0 0.53125 0.6765625 0.209375 0.1265625
0 0.5859375 0.6140625 0.184375 0.096875
0 0.4046875 0.8609375 0.1953125 0.0984375
0 0.25625 0.80625 0.1734375 0.10625
0 0.3890625 0.7828125 0.16875 0.1375
0 0.3578125 0.903125 0.1640625 0.115625
0 0.625 0.3375 0.10625 0.05625
0 0.884375 0.359375 0.23125 0.1
0 0.8140625 0.8578125 0.2234375 0.15
0 0.89375 0.7 0.2125 0.15
0 0.853125 0.984375 0.2 0.03125
0 0.9453125 0.7953125 0.109375 0.134375
0 0.953125 0.975 0.09375 0.05
0 0.753125 0.9328125 0.15 0.121875
0 0.95625 0.5234375 0.0875 0.159375