0 0.521875 0.084375 0.10625 0.13125
0 0.753125 0.2859375 0.20625 0.084375
0 0.5359375 0.2734375 0.134375 0.103125
0 0.7375 0.15625 0.184375 0.103125
0 0.53125 0.1578125 0.125 0.096875
0 0.353125 0.915625 0.2265625 0.1515625
0 0.2953125 0.9796875 0.228125 0.040625
0 0.3375 0.4421875 0.2625 0.146875
0 0.4078125 0.621875 0.121875 0.1375
0 0.8390625 0.7296875 0.2421875 0.1453125
0 0.7171875 0.871875 0.2046875 0.1625
0 0.7953125 0.534375 0.2109375 0.125
0 0.6 0.9375 0.2 0.125
0 0.7375 0.9875 0.2 0.025
0 0.896875 0.4234375 0.20625 0.153125
0 0.896875 0.6640625 0.20625 0.115625
0 0.7921875 0.965625 0.190625 0.06875
0 0.68125 0.375 0.2 0.09375