0 0.0453125 0.2984375 0.090625 0.196875
0 0.1890625 0.071875 0.328125 0.14375
0 0.2234375 0.0265625 0.296875 0.053125
0 0.5921875 0.2796875 0.128125 0.109375
0 0.5984375 0.38125 0.140625 0.075
0 0.5765625 0.15 0.096875 0.15
0 0.8109375 0.2796875 0.1875 0.1078125
0 0.8203125 0.396875 0.209375 0.04375
0 0.8046875 0.03125 0.215625 0.0625
0 0.434375 0.446875 0.1875 0.05625
0 0.3359375 0.5609375 0.3 0.175
0 0.4828125 0.9125 0.090625 0.14375
0 0.246875 0.896875 0.2640625 0.1375
0 0.7125 0.5953125 0.2875 0.1859375
0 0.58125 0.5640625 0.10625 0.134375
0 0.634375 0.9484375 0.2125 0.103125
0 0.6359375 0.771875 0.215625 0.14375
0 0.7546875 0.915625 0.278125 0.1265625
0 0.721875 0.471875 0.225 0.10625