0 0.5125 0.053125 0.1125 0.10625
0 0.7625 0.0359375 0.2 0.071875
0 0.64375 0.1015625 0.15 0.103125
0 0.6421875 0.2078125 0.146875 0.115625
0 0.7046875 0.2984375 0.1546875 0.1234375
0 0.796875 0.328125 0.1453125 0.1078125
0 0.671875 0.38125 0.175 0.075
0 0.6234375 0.3328125 0.109375 0.096875
0 0.1859375 0.9375 0.178125 0.125
0 0.0375 0.6765625 0.075 0.096875
0 0.24375 0.725 0.2421875 0.1046875
0 0.1171875 0.5828125 0.1578125 0.1421875
0 0.271875 0.7828125 0.1953125 0.09375
0 0.8921875 0.484375 0.215625 0.13125
0 0.884375 0.8203125 0.23125 0.134375
0 0.9078125 0.9453125 0.184375 0.109375