0 0.1921875 0.2875 0.25 0.1359375
0 0.2453125 0.4546875 0.196875 0.046875
0 0.1921875 0.4015625 0.2125 0.1265625
0 0.078125 0.253125 0.15625 0.11875
0 0.325 0.15 0.10625 0.15625
0 0.1234375 0.36875 0.246875 0.1125
0 0.590625 0.2265625 0.2078125 0.146875
0 0.4703125 0.3453125 0.184375 0.128125
0 0.4671875 0.434375 0.178125 0.0875
0 0.7078125 0.05 0.259375 0.1
0 0.153125 0.4921875 0.20625 0.028125
0 0.0984375 0.5015625 0.190625 0.046875
0 0.3265625 0.50625 0.103125 0.05625
0 0.21875 0.540625 0.1359375 0.1109375
0 0.29375 0.5890625 0.16875 0.109375
0 0.2953125 0.6796875 0.165625 0.103125
0 0.334375 0.7984375 0.0875 0.109375
0 0.23125 0.8328125 0.184375 0.1296875
0 0.128125 0.9390625 0.190625 0.1109375
0 0.115625 0.9734375 0.1625 0.053125
0 0.3078125 0.959375 0.140625 0.08125
0 0.3140625 0.9015625 0.128125 0.109375
0 0.4671875 0.571875 0.178125 0.15
0 0.425 0.7578125 0.09375 0.109375
0 0.4421875 0.8609375 0.128125 0.115625
0 0.578125 0.8390625 0.1515625 0.103125
0 0.5125 0.728125 0.121875 0.0875
0 0.403125 0.659375 0.05 0.1125
0 0.421875 0.953125 0.0875 0.09375
0 0.5390625 0.9296875 0.1625 0.115625