0 0.521875 0.38125 0.2 0.134375
0 0.7671875 0.109375 0.2234375 0.1421875
0 0.6828125 0.40625 0.184375 0.10625
0 0.7125 0.2203125 0.1953125 0.1375
0 0.7359375 0.3046875 0.19375 0.1328125
0 0.49375 0.0734375 0.23125 0.134375
0 0.490625 0.19375 0.225 0.11875
0 0.8765625 0.0171875 0.228125 0.034375
0 0.58125 0.253125 0.1703125 0.0953125
0 0.0734375 0.965625 0.146875 0.06875
0 0.0875 0.7734375 0.175 0.115625
0 0.3109375 0.8015625 0.134375 0.121875
0 0.2015625 0.8609375 0.1859375 0.1078125
0 0.271875 0.75625 0.178125 0.0984375
0 0.0953125 0.8484375 0.1421875 0.0859375
0 0.8328125 0.5171875 0.215625 0.115625
0 0.7265625 0.6109375 0.2265625 0.125
0 0.4859375 0.56875 0.215625 0.11875
0 0.4734375 0.678125 0.190625 0.1
0 0.6640625 0.7125 0.2 0.1234375
0 0.6875 0.7890625 0.1828125 0.1140625
0 0.6234375 0.890625 0.171875 0.13125
0 0.46875 0.840625 0.18125 0.1125
0 0.5421875 0.7375 0.1203125 0.09375