0 0.45625 0.2328125 0.23125 0.125
0 0.303125 0.1625 0.1734375 0.1046875
0 0.3390625 0.309375 0.184375 0.1140625
0 0.25 0.0609375 0.24375 0.121875
0 0.3453125 0.4421875 0.209375 0.034375
0 0.421875 0.41875 0.225 0.08125
0 0.471875 0.115625 0.1671875 0.128125
0 0.6703125 0.1765625 0.140625 0.103125
0 0.6609375 0.2828125 0.121875 0.103125
0 0.8578125 0.1890625 0.178125 0.1
0 0.678125 0.025 0.15625 0.05
0 0.8484375 0.334375 0.1921875 0.125
0 0.6953125 0.3953125 0.184375 0.1265625
0 0.8359375 0.0546875 0.1484375 0.09375
0 0.6625 0.0671875 0.125 0.103125
0 0.6515625 0.375 0.103125 0.10625
0 0.1484375 0.809375 0.2234375 0.1421875
0 0.0953125 0.91875 0.190625 0.1375
0 0.115625 0.96875 0.19375 0.0625
0 0.2578125 0.659375 0.228125 0.153125
0 0.321875 0.4921875 0.2375 0.065625
0 0.0234375 0.9515625 0.046875 0.096875
0 0.6640625 0.76875 0.128125 0.15625
0 0.665625 0.565625 0.13125 0.14375
0 0.66875 0.85 0.1375 0.1125
0 0.7421875 0.709375 0.278125 0.1265625