0 0.08125 0.465625 0.15625 0.025
0 0.1921875 0.1375 0.2375 0.1578125
0 0.0453125 0.2078125 0.090625 0.159375
0 0.9765625 0.246875 0.046875 0.14375
0 0.478125 0.6296875 0.2703125 0.178125
0 0.375 0.915625 0.2421875 0.1296875
0 0.6578125 0.590625 0.059375 0.15625
0 0.6265625 0.978125 0.121875 0.04375
0 0.625 0.7484375 0.125 0.115625
0 0.3515625 0.7203125 0.296875 0.140625
0 0.41875 0.9765625 0.2 0.046875
0 0.3109375 0.609375 0.1859375 0.103125
0 0.5921875 0.5078125 0.190625 0.059375
0 0.928125 0.55 0.14375 0.14375
0 0.909375 0.703125 0.18125 0.13125