0 0.3921875 0.1609375 0.2234375 0.1296875
0 0.1765625 0.4453125 0.1921875 0.1203125
0 0.3296875 0.4984375 0.1796875 0.1390625
0 0.35 0.2796875 0.1953125 0.125
0 0.384375 0.3765625 0.1828125 0.140625
0 0.49375 0.05 0.1875 0.1
0 0.1578125 0.2609375 0.209375 0.1046875
0 0.146875 0.140625 0.24375 0.1140625
0 0.621875 0.4296875 0.06875 0.096875
0 0.7484375 0.5015625 0.2078125 0.121875
0 0.6265625 0.315625 0.078125 0.1
0 0.7984375 0.0203125 0.240625 0.040625
0 0.79375 0.3546875 0.2 0.1046875
0 0.8203125 0.1046875 0.2390625 0.11875
0 0.0375 0.7546875 0.075 0.128125
0 0.0796875 0.65625 0.159375 0.11875
0 0.0421875 0.834375 0.084375 0.11875