0 0.071875 0.5390625 0.14375 0.134375
0 0.3453125 0.3203125 0.234375 0.1203125
0 0.240625 0.459375 0.2109375 0.1421875
0 0.2125 0.2546875 0.1875 0.1390625
0 0.4265625 0.046875 0.278125 0.09375
0 0.165625 0.346875 0.171875 0.0828125
0 0.1734375 0.571875 0.1703125 0.1328125
0 0.021875 0.5078125 0.04375 0.109375
0 0.0984375 0.1390625 0.196875 0.115625
0 0.071875 0.425 0.14375 0.1
0 0.740625 0.578125 0.18125 0.11875
0 0.721875 0.096875 0.14375 0.14375
0 0.7203125 0.4484375 0.140625 0.103125
0 0.88125 0.05 0.2375 0.1
0 0.709375 0.315625 0.11875 0.09375
0 0.5125 0.6765625 0.2375 0.053125
0 0.3375 0.7046875 0.225 0.109375
0 0.7734375 0.9453125 0.246875 0.109375
0 0.725 0.825 0.15 0.15
0 0.721875 0.6984375 0.14375 0.096875