0 0.0796875 0.2078125 0.159375 0.165625
0 0.2890625 0.38125 0.2421875 0.15
0 0.353125 0.09375 0.2125 0.14375
0 0.0390625 0.053125 0.078125 0.10625
0 0.2828125 0.1859375 0.24375 0.1109375
0 0.1671875 0.09375 0.1859375 0.128125
0 0.6203125 0.3921875 0.2015625 0.11875
0 0.7296875 0.2640625 0.2296875 0.13125
0 0.5359375 0.0875 0.153125 0.15
0 0.534375 0.2203125 0.15 0.115625
0 0.6453125 0.146875 0.171875 0.1203125
0 0.203125 0.53125 0.1734375 0.1
0 0.0828125 0.6046875 0.165625 0.134375
0 0.0515625 0.6296875 0.103125 0.121875
0 0.271875 0.646875 0.1734375 0.1109375
0 0.128125 0.70625 0.1359375 0.1109375
0 0.221875 0.75625 0.2046875 0.1109375
0 0.221875 0.846875 0.1984375 0.1015625
0 0.3125 0.9546875 0.225 0.090625
0 0.1390625 0.965625 0.184375 0.06875
0 0.5390625 0.5265625 0.159375 0.134375
0 0.515625 0.7953125 0.1125 0.146875
0 0.7515625 0.5609375 0.2140625 0.1359375
0 0.4796875 0.61875 0.040625 0.1125
0 0.65 0.61875 0.2328125 0.1234375