0 0.3953125 0.4671875 0.128125 0.134375
0 0.3578125 0.13125 0.203125 0.1375
0 0.3140625 0.434375 0.21875 0.11875
0 0.3578125 0.515625 0.203125 0.04375
0 0.81875 0.3921875 0.2015625 0.1203125
0 0.9046875 0.0796875 0.190625 0.159375
0 0.9734375 0.2453125 0.053125 0.140625
0 0.634375 0.1296875 0.2125 0.146875
0 0.7 0.23125 0.225 0.090625
0 0.71875 0.140625 0.2875 0.153125
0 0.1328125 0.5703125 0.196875 0.065625
0 0.2265625 0.671875 0.2265625 0.1109375
0 0.071875 0.703125 0.14375 0.13125
0 0.021875 0.809375 0.04375 0.1125
0 0.0375 0.953125 0.075 0.09375
0 0.1359375 0.9515625 0.159375 0.096875
0 0.1359375 0.8484375 0.1515625 0.1109375
0 0.15625 0.775 0.16875 0.1078125
0 0.5890625 0.621875 0.259375 0.16875
0 0.5703125 0.84375 0.221875 0.15625
0 0.7734375 0.5734375 0.290625 0.071875
0 0.803125 0.928125 0.1765625 0.109375
0 0.5640625 0.94375 0.209375 0.1125
0 0.7890625 0.6421875 0.2015625 0.1359375