0 0.2375 0.2484375 0.21875 0.1671875
0 0.3703125 0.1890625 0.134375 0.146875
0 0.178125 0.034375 0.23125 0.06875
0 0.1421875 0.1375 0.2390625 0.15625
0 0.359375 0.06875 0.15625 0.1375
0 0.0953125 0.296875 0.190625 0.13125
0 0.653125 0.5234375 0.209375 0.128125
0 0.725 0.1953125 0.29375 0.178125
0 0.7703125 0.5859375 0.196875 0.065625
0 0.8765625 0.03125 0.246875 0.0625
0 0.59375 0.59375 0.1875 0.05
0 0.625 0.4125 0.2328125 0.125
0 0.8484375 0.5140625 0.175 0.109375
0 0.790625 0.3890625 0.1515625 0.103125
0 0.571875 0.290625 0.26875 0.13125
0 0.7140625 0.0203125 0.146875 0.040625
0 0.378125 0.725 0.11875 0.15625
0 0.61875 0.7140625 0.2125 0.1234375
0 0.5265625 0.825 0.175 0.1265625
0 0.6828125 0.65 0.209375 0.0625
0 0.5234375 0.909375 0.171875 0.1125
0 0.4921875 0.9796875 0.109375 0.040625