0 0.2890625 0.48125 0.221875 0.0375
0 0.4171875 0.1015625 0.215625 0.134375
0 0.4703125 0.4375 0.221875 0.125
0 0.525 0.3078125 0.125 0.140625
0 0.5125 0.221875 0.15 0.09375
0 0.4859375 0.3546875 0.203125 0.109375
0 0.9609375 0.4765625 0.078125 0.046875
0 0.95625 0.0609375 0.0875 0.121875
0 0.8859375 0.1078125 0.228125 0.146875
0 0.915625 0.2828125 0.16875 0.115625
0 0.9 0.0296875 0.2 0.059375
0 0.9578125 0.3890625 0.084375 0.103125
0 0.5203125 0.5328125 0.134375 0.065625
0 0.4953125 0.8390625 0.184375 0.159375
0 0.4890625 0.9625 0.190625 0.075
0 0.3578125 0.8921875 0.1921875 0.140625
0 0.5421875 0.703125 0.090625 0.15
0 0.675 0.6546875 0.175 0.121875
0 0.6359375 0.6078125 0.096875 0.096875