0 0.0203125 0.178125 0.040625 0.11875
0 0.1828125 0.0546875 0.1875 0.1078125
0 0.19375 0.20625 0.2109375 0.1078125
0 0.78125 0.2203125 0.2375 0.096875
0 0.7015625 0.1328125 0.2578125 0.1390625
0 0.9359375 0.1890625 0.128125 0.159375
0 0.0984375 0.684375 0.196875 0.14375
0 0.028125 0.828125 0.05625 0.1625
0 0.06875 0.490625 0.1375 0.125
0 0.0375 0.965625 0.075 0.06875
0 0.1609375 0.38125 0.25625 0.1546875
0 0.1640625 0.621875 0.2640625 0.115625
0 0.0625 0.9390625 0.125 0.103125
0 0.0890625 0.2828125 0.178125 0.028125
0 0.753125 0.4671875 0.2453125 0.16875
0 0.7609375 0.7984375 0.1890625 0.128125
0 0.7296875 0.909375 0.1734375 0.125
0 0.6078125 0.571875 0.271875 0.1234375
0 0.8921875 0.3078125 0.215625 0.078125
0 0.6796875 0.303125 0.184375 0.06875
0 0.6890625 0.6875 0.2015625 0.1203125
0 0.890625 0.8515625 0.1765625 0.1265625
0 0.89375 0.75 0.1359375 0.0953125
0 0.78125 0.646875 0.1359375 0.0984375