0 0.3125 0.228125 0.165625 0.0984375
0 0.4859375 0.2984375 0.2078125 0.121875
0 0.2453125 0.3265625 0.1609375 0.10625
0 0.3625 0.390625 0.18125 0.075
0 0.3171875 0.1140625 0.1765625 0.0984375
0 0.2234375 0.4 0.178125 0.05625
0 0.2296875 0.0421875 0.196875 0.084375
0 0.53125 0.1515625 0.2 0.1046875
0 0.4140625 0.409375 0.178125 0.0375
0 0.840625 0.3125 0.203125 0.121875
0 0.83125 0.0625 0.209375 0.1109375
0 0.8625 0.184375 0.16875 0.11875
0 0.9046875 0.3953125 0.190625 0.065625
0 0.8484375 0.4 0.171875 0.05625
0 0.209375 0.4625 0.225 0.06875
0 0.4296875 0.775 0.225 0.153125
0 0.09375 0.890625 0.1875 0.125
0 0.134375 0.590625 0.26875 0.15
0 0.353125 0.9109375 0.2171875 0.1359375
0 0.08125 0.971875 0.1625 0.05625
0 0.540625 0.50625 0.2375 0.1375
0 0.28125 0.9734375 0.18125 0.053125
0 0.5296875 0.5875 0.2484375 0.1078125
0 0.4359375 0.4796875 0.153125 0.103125